62	219	234	1.0
62	206	234	1.0
62	234	234	1.0
58	206	234	1.0
58	219	234	1.0
58	234	234	1.0
58	139	234	0.99122807
295	234	234	1.0
295	219	234	1.0
295	139	234	0.981818182
295	206	234	1.0
348	293	190	0.59375
431	293	190	1.0
190	293	190	1.0
190	56	190	1.0
348	56	190	0.59375
431	56	190	1.0
87	58	87	1.0
228	87	87	0.74610245
87	58	87	1.0
465	87	87	0.874673629
299	15	87	0.747340426
372	15	87	0.891803279
442	15	87	0.86407767
370	15	87	0.925531915
16	228	16	1.0
16	465	16	1.0
143	133	16	1.0
143	62	16	1.0
143	135	16	1.0
252	465	16	0.980952381
143	252	16	0.518987342
143	205	16	1.0
252	228	16	0.990384615
252	135	16	1.0
252	133	16	1.0
157	73	171	0.780487805
306	73	171	0.782945736
68	383	68	1.0
68	318	68	1.0
309	73	171	0.788617886
68	81	68	1.0
143	219	166	0.984790875
81	166	166	1.0
81	108	166	0.992031873
146	166	166	1.0
68	146	68	1.0
146	108	166	0.991869919
252	139	166	0.834337349
252	234	166	0.815151515
318	166	166	1.0
252	206	166	0.817629179
252	219	166	0.738872404
318	108	166	0.992031873
161	15	161	0.824925816
322	66	161	0.747440273
58	219	219	0.954022989
383	166	166	1.0
383	108	166	0.991869919
295	219	219	0.947674419
295	206	219	1.0
295	139	219	0.944444444
295	234	219	1.0
62	234	219	0.981481481
62	206	219	0.97515528
62	219	219	0.968992248
58	206	219	1.0
58	139	219	0.9609375
58	234	219	1.0
247	182	210	1.0
146	166	225	1.0
146	225	225	1.0
318	225	225	1.0
318	166	225	1.0
383	225	225	1.0
58	195	195	1.0
295	195	195	1.0
58	18	18	0.577777778
16	206	129	1.0
16	139	129	1.0
143	219	129	1.0
295	18	18	0.580278129
143	219	128	0.995391705
81	128	128	1.0
81	108	128	0.994949495
383	166	225	1.0
16	234	129	1.0
81	166	128	1.0
382	110	91	1.0
383	108	128	0.995024876
275	110	91	1.0
318	166	128	1.0
318	128	128	1.0
252	139	128	0.92
252	206	128	0.91902834
252	234	128	0.915322581
10	210	182	1.0
252	219	128	0.853658537
146	108	128	0.995024876
81	225	225	1.0
146	128	128	1.0
146	166	128	1.0
81	166	225	1.0
318	108	128	0.994949495
383	166	128	1.0
383	128	128	1.0
182	210	10	0.648586707
35	58	35	0.528563185
35	58	35	0.502857143
317	277	125	0.954545455
146	143	143	1.0
69	171	73	0.672043011
72	171	73	0.667582418
58	73	73	0.698039216
383	143	143	1.0
318	143	143	1.0
394	171	73	0.656976744
81	143	143	1.0
295	73	73	0.703557312
383	383	146	1.0
318	383	146	1.0
146	146	146	1.0
81	383	146	1.0
146	146	146	1.0
146	81	146	1.0
146	81	146	1.0
318	318	146	1.0
81	81	146	1.0
81	81	146	1.0
81	146	146	1.0
383	146	146	1.0
318	146	146	1.0
318	81	146	1.0
383	81	146	1.0
168	295	168	0.778409091
58	33	33	1.0
168	58	168	0.763736264
415	242	130	0.758347676
324	139	33	1.0
178	242	130	0.757731959
295	33	33	1.0
324	234	33	1.0
324	206	33	1.0
252	219	33	1.0
415	130	130	0.66689327
318	318	81	1.0
383	318	81	1.0
146	81	81	1.0
81	81	81	1.0
81	81	81	1.0
81	146	81	1.0
81	383	81	1.0
383	383	81	1.0
146	146	81	1.0
146	81	81	1.0
146	146	81	1.0
178	241	130	0.757575758
383	81	81	1.0
178	130	130	0.654016866
383	146	81	1.0
318	81	81	1.0
318	146	81	1.0
89	81	89	1.0
89	146	89	1.0
89	146	89	1.0
89	81	89	1.0
79	318	79	1.0
79	383	79	1.0
79	146	79	1.0
79	81	79	1.0
143	219	213	1.0
16	139	213	1.0
16	234	213	1.0
16	206	213	1.0
278	41	75	0.581381902
28	465	28	0.523301738
28	228	28	0.980029586
28	206	34	0.959586466
28	139	34	0.967711301
28	234	34	0.961646399
13	234	34	0.953161593
13	139	34	0.952996475
243	60	34	0.978227061
13	206	34	0.953161593
63	383	63	1.0
63	318	63	1.0
63	81	63	1.0
56	156	156	1.0
293	156	156	1.0
63	146	63	1.0
293	293	56	1.0
56	56	56	1.0
56	56	56	1.0
293	56	56	1.0
261	24	56	1.0
56	194	194	1.0
293	194	194	1.0
330	93	64	0.759036145
64	64	64	0.638932496
64	64	64	0.639937107
301	64	64	0.636932707
197	64	197	0.818181818
197	64	197	0.81147541
58	23	23	0.639447236
301	301	64	0.638932496
295	23	23	0.624691358
141	141	141	0.56792144
141	141	141	0.561688312
378	141	141	0.543307087
378	378	141	0.563011457
185	228	185	1.0
185	465	185	0.722807018
1	48	185	0.534391534
275	48	185	0.528735632
48	465	48	0.675025853
48	228	48	0.901588398
48	398	85	0.875257308
295	205	205	0.861702128
58	205	205	0.886597938
295	62	205	0.742268041
58	62	205	0.771428571
295	135	205	0.822222222
58	135	205	0.847826087
81	167	167	1.0
318	167	167	1.0
146	167	167	1.0
383	167	167	1.0
58	219	206	1.0
58	206	206	1.0
58	139	206	0.99137931
62	219	206	1.0
62	234	206	1.0
62	206	206	1.0
295	219	206	1.0
295	206	206	1.0
295	234	206	1.0
295	139	206	0.98245614
58	234	206	1.0
146	217	217	1.0
81	217	217	1.0
5	178	4	0.758679959
367	178	4	0.760485269
4	178	4	0.754542338
5	178	4	0.757378174
383	217	217	1.0
318	217	217	1.0
148	231	148	0.796130952
148	468	148	0.797317437
4	178	4	0.755060034
56	127	127	1.0
293	127	127	1.0
146	61	61	1.0
58	222	222	0.505050505
36	117	169	0.798913043
169	178	169	0.509124088
117	415	169	0.50907441
81	61	61	1.0
383	61	61	1.0
36	415	169	0.501387604
367	417	169	0.500444444
169	180	169	0.513339466
117	417	169	0.510968921
36	417	169	0.503292568
36	178	169	0.521782178
117	178	169	0.53698367
36	180	169	0.5
169	180	169	0.509606587
169	178	169	0.538090646
367	180	169	0.502222222
318	61	61	1.0
367	178	169	0.525629077
117	180	169	0.510036496
367	178	5	0.760568261
5	178	5	0.757201646
5	178	5	0.755905512
4	178	5	0.758169935
81	101	101	1.0
4	178	5	0.75946318
383	101	101	1.0
318	101	101	1.0
36	180	117	0.520220588
36	178	117	0.537414966
36	415	117	0.519927536
36	417	117	0.523589269
367	417	117	0.524229075
169	180	117	0.540938362
169	178	117	0.566055931
117	178	117	0.556398104
367	180	117	0.523725835
367	178	117	0.54797048
117	417	117	0.53164557
169	180	117	0.537968893
169	178	117	0.53649635
146	101	101	1.0
117	180	117	0.52972973
117	415	117	0.527728086
38	91	110	1.0
58	139	139	0.984375
58	219	139	0.969465649
58	234	139	0.983606557
62	219	139	0.889705882
62	234	139	0.983739837
245	110	110	1.0
62	206	139	0.888059701
295	139	139	0.983606557
295	206	139	0.991666667
295	219	139	0.984126984
295	234	139	0.99137931
145	91	110	1.0
8	110	110	1.0
58	206	139	0.983870968
231	231	231	0.75
231	231	231	0.75
468	468	231	0.75
114	114	114	0.694444444
114	114	114	0.694444444
351	351	114	0.694444444
351	114	114	0.694444444
385	148	231	0.75
468	231	231	0.75
143	219	208	1.0
16	234	208	1.0
16	139	208	1.0
16	206	208	1.0
56	111	111	1.0
293	111	111	1.0
81	124	124	1.0
146	124	124	1.0
318	124	124	1.0
383	124	124	1.0
48	234	60	0.980392157
48	206	60	0.980337079
48	139	60	0.98028169
6	34	60	0.955555556
8	3	3	0.821876004
78	58	78	0.928571429
78	58	78	0.920792079
81	108	108	1.0
81	166	108	0.992031873
146	108	108	1.0
146	166	108	0.991869919
143	219	108	0.995983936
252	139	108	0.83171521
252	234	108	0.826229508
252	206	108	0.837209302
252	219	108	0.740740741
318	108	108	1.0
318	166	108	0.992031873
334	334	97	0.529186603
97	97	97	0.507352941
97	97	97	0.522232734
334	97	97	0.527462121
383	166	108	0.991869919
383	108	108	1.0
81	22	22	1.0
146	22	22	1.0
318	22	22	1.0
383	22	22	1.0
92	92	9	0.50463933
