30	890	890	0.408986175
30	2137	890	0.432818074
1375	890	890	0.394526796
798	1284	26	1.0
1587	2552	890	0.255319149
814	2552	890	0.258136925
1226	935	26	0.302583026
14	1128	356	0.201257862
14	2243	356	0.230529595
2096	935	26	0.27972028
1867	1128	356	0.209876543
216	543	653	0.825396825
814	296	890	0.264129181
53	2243	356	0.205673759
448	543	653	0.826741996
543	71	653	0.822265625
1587	296	890	0.26039886
448	71	653	0.823643411
1659	1508	653	0.435828877
653	1508	653	0.39775123
1416	1508	653	0.408339324
448	163	653	0.396358543
1013	1508	653	0.437388193
543	163	653	0.400426743
2010	1508	653	0.391603579
887	1508	653	0.394501718
216	163	653	0.443938013
1659	2179	653	0.443541102
1416	2179	653	0.413059428
653	2179	653	0.40274765
448	834	653	0.400570207
216	834	653	0.452117864
887	2179	653	0.397089397
749	163	653	0.442518248
653	834	653	0.399141631
1013	2179	653	0.443037975
1659	834	653	0.437388193
543	834	653	0.40593343
2010	834	653	0.397231834
448	834	653	0.397864769
543	834	653	0.403179191
2010	2179	653	0.394590846
216	834	653	0.447610294
653	163	653	0.421531463
749	834	653	0.445562672
887	834	653	0.397923875
749	834	653	0.449862006
118	880	199	0.858139535
1013	834	653	0.441441441
793	734	199	0.850574713
887	163	653	0.415631848
543	163	653	0.424846626
749	163	653	0.466730955
1416	834	653	0.409454545
448	163	653	0.41723356
216	163	653	0.466410749
1659	163	653	0.458412098
1416	163	653	0.43220339
2010	163	653	0.415812592
1013	163	653	0.461611374
467	887	259	0.794117647
800	2111	800	0.715277778
800	766	800	1.0
319	53	800	0.531413613
1586	53	800	0.53968254
1226	935	727	0.296018032
2096	935	727	0.292376018
589	868	1005	1.0
589	512	1005	1.0
462	868	1005	1.0
2522	868	1005	1.0
1934	53	800	0.528735632
1122	334	1005	1.0
2467	1679	1005	1.0
1122	1005	1005	1.0
216	448	749	0.790575916
448	314	749	0.82122905
2641	868	1005	1.0
462	512	1005	1.0
1296	53	800	0.53030303
2467	1005	1005	1.0
448	1013	749	0.796344648
216	71	749	0.791327913
448	653	749	0.670353982
1013	887	749	0.789699571
216	543	749	0.782493369
543	1013	749	0.786096257
216	665	749	0.793172691
749	163	749	0.509124088
653	1013	749	0.798913043
216	163	749	0.511478421
216	887	749	0.796645702
448	163	749	0.499539171
1659	2179	749	0.513242009
2010	2179	749	0.500444444
1416	1508	749	0.501862197
1416	2179	749	0.505681818
749	834	749	0.513339466
653	1508	749	0.501387604
2010	1508	749	0.499556344
216	834	749	0.514814815
543	834	749	0.509416196
448	834	749	0.501872659
653	2179	749	0.503292568
448	834	749	0.502798507
749	163	749	0.538090646
749	834	749	0.509606587
1013	163	749	0.53698367
1013	834	749	0.510036496
1659	1508	749	0.508137432
216	653	749	0.78342246
2010	834	749	0.502222222
543	834	749	0.505660377
1659	163	749	0.536398467
1013	1508	749	0.50907441
1416	163	749	0.523762376
216	834	749	0.513413506
216	163	749	0.536231884
1013	2179	749	0.510968921
887	163	749	0.530573848
887	2179	749	0.504028648
887	1508	749	0.503127793
448	163	749	0.522682446
1659	834	749	0.50634058
887	834	749	0.504480287
2467	2522	462	0.301176471
543	163	749	0.506069094
1122	1177	462	0.292824074
543	163	749	0.528827038
2010	163	749	0.525629077
653	834	749	0.5
1416	834	749	0.502347418
653	163	749	0.521782178
1122	462	462	0.260824742
2467	462	462	0.266806723
2435	1789	635	0.2122
1105	444	635	0.217286915
1105	390	635	0.210664512
635	2255	635	0.42467311
2435	390	635	0.209470305
2424	2255	635	0.426404494
635	910	635	0.409475465
2424	910	635	0.411406423
1177	1145	469	0.894117647
1291	1893	635	0.421828909
2424	1893	635	0.380387258
635	1893	635	0.378901373
229	316	635	0.274914988
229	52	635	0.27445932
49	316	635	0.231374478
49	1397	635	0.230429448
1672	1397	635	0.27198364
1721	1397	635	0.251530959
2190	548	635	0.410071942
858	52	635	0.250510088
2424	548	635	0.386607707
635	548	635	0.385147892
858	316	635	0.250339213
1672	316	635	0.275647668
1721	316	635	0.251703771
421	1164	233	0.311446318
2531	723	166	0.439393939
2509	2509	233	0.311371841
2531	2539	166	0.470588235
1201	368	459	0.239492119
1201	2608	459	0.239946381
2685	368	459	0.236668136
751	802	32	0.530612245
751	60	32	0.544827586
2571	1405	32	0.575342466
2571	802	32	0.588652482
1183	296	296	1.0
140	296	296	1.0
1183	2552	296	0.815889029
140	2552	296	0.823003195
1485	296	296	1.0
242	890	296	0.26657686
2528	296	296	1.0
242	2137	296	0.275067751
421	1164	54	0.391812865
623	54	54	1.0
1968	54	54	1.0
2159	890	296	0.268376838
2506	1701	322	0.291237113
1967	1747	322	0.426470588
622	402	322	0.430672269
1967	322	322	0.439914163
622	322	322	0.44017094
858	376	49	0.759223301
786	52	49	0.2775
786	316	49	0.275200989
1291	52	49	0.28128179
1291	316	49	0.281568228
778	799	1133	0.85106383
1430	52	49	0.258435032
2190	52	49	0.279959718
635	52	49	0.270813845
635	316	49	0.274500476
2424	52	49	0.271448664
1592	1910	1045	0.85380117
404	565	1045	0.85380117
404	508	1045	0.837209302
1592	508	1045	0.837209302
749	665	216	0.842217484
749	887	216	0.835164835
1013	887	216	0.832618026
543	1013	216	0.832
653	1013	216	0.837398374
1659	2179	216	0.545955882
2010	2179	216	0.532142857
1416	2179	216	0.53490566
1013	2179	216	0.541970803
216	834	216	0.544198895
887	2179	216	0.534172662
749	834	216	0.545706371
543	834	216	0.53538175
448	834	216	0.531657356
653	2179	216	0.533208606
1659	1508	216	0.539509537
1416	1508	216	0.529193698
2010	1508	216	0.529777778
1013	1508	216	0.538878843
749	163	216	0.543040293
216	163	216	0.539653601
887	1508	216	0.533572068
543	163	216	0.531307551
448	163	216	0.529304029
653	1508	216	0.530330882
1013	834	216	0.540491356
1013	163	216	0.568421053
216	834	216	0.542279412
216	163	216	0.56621881
448	834	216	0.52962963
448	163	216	0.551521099
887	834	216	0.533154122
749	834	216	0.543617998
749	163	216	0.572533849
887	163	216	0.560791706
653	834	216	0.529795158
653	163	216	0.549753695
793	1194	152	0.945054945
793	723	152	0.945652174
543	834	216	0.531162791
543	163	216	0.55108055
1659	834	216	0.54007286
2010	834	216	0.532444444
2079	2068	152	0.934782609
1416	834	216	0.530345472
2079	1194	152	0.935483871
2010	163	216	0.558356676
1418	2255	493	0.923076923
1416	163	216	0.548323471
1659	163	216	0.569644573
1766	2255	493	0.400900901
493	910	493	0.928571429
1164	2255	493	0.432432432
1418	910	493	0.904761905
1766	910	493	0.398104265
493	910	493	0.920792079
1164	910	493	0.425339367
1678	2563	548	0.273004575
1218	1218	548	0.285423038
1893	1893	548	0.255523877
548	548	548	0.26776365
1218	333	548	0.275950668
1678	333	548	0.273517382
548	548	548	0.256593015
1893	548	548	0.242842708
2255	2255	910	0.208083304
910	910	910	0.202461432
2255	910	910	0.210854093
910	910	910	0.205276031
1183	341	341	1.0
1183	582	341	0.938271605
140	341	341	1.0
140	582	341	0.926829268
2528	341	341	1.0
1485	1927	341	0.926829268
1485	341	341	1.0
53	2278	684	0.875257308
1508	1508	163	0.392086331
2179	1508	163	0.384615385
163	163	163	0.390681004
834	163	163	0.376923077
2179	2179	163	0.372180451
1508	2179	163	0.376
834	834	163	0.369230769
163	2179	163	0.369230769
163	163	163	0.388489209
163	834	163	0.380769231
1508	163	163	0.391791045
2179	163	163	0.384
834	163	163	0.38
1888	1416	163	0.309037901
1793	1416	163	0.314371257
1998	1416	163	0.306122449
2358	1416	163	0.311418685
2232	1416	163	0.304093567
2094	1416	163	0.320143885
1561	1416	163	0.310861423
2179	834	163	0.372093023
71	71	163	0.307246377
1508	834	163	0.384
834	834	163	0.37593985
314	1416	163	0.307958478
665	1416	163	0.304597701
1998	1659	163	0.326007326
1793	1659	163	0.32962963
2358	1659	163	0.331896552
2094	1659	163	0.340807175
1561	1659	163	0.340909091
2232	1659	163	0.325925926
71	314	163	0.326007326
314	543	163	0.311188811
665	1659	163	0.32
314	448	163	0.31010453
1888	1659	163	0.325925926
314	1013	163	0.329059829
314	749	163	0.346846847
314	216	163	0.351851852
314	665	163	0.305841924
1793	749	163	0.347490347
314	314	163	0.331896552
314	653	163	0.306896552
2232	749	163	0.339694656
1888	749	163	0.338403042
2094	749	163	0.358490566
1561	749	163	0.362318841
314	887	163	0.307692308
1998	749	163	0.340996169
2358	749	163	0.35
71	749	163	0.342205323
665	749	163	0.335849057
2232	448	163	0.307692308
1793	448	163	0.317901235
2358	448	163	0.314685315
2094	448	163	0.323636364
1561	448	163	0.322097378
1998	448	163	0.314371257
71	448	163	0.31641791
1793	1013	163	0.334572491
1888	1013	163	0.330855019
1998	1013	163	0.327205882
2358	1013	163	0.329059829
2094	1013	163	0.340807175
1888	448	163	0.315315315
2232	1013	163	0.326007326
665	448	163	0.313609467
71	1013	163	0.32967033
1998	543	163	0.307917889
665	1013	163	0.322463768
1793	543	163	0.313253012
2094	543	163	0.321299639
1561	1013	163	0.340909091
1561	543	163	0.317164179
1888	543	163	0.31085044
71	543	163	0.309037901
1888	653	163	0.30994152
665	543	163	0.304347826
1793	653	163	0.31626506
2358	543	163	0.315789474
1998	653	163	0.307017544
2232	543	163	0.305637982
2232	653	163	0.307017544
2358	653	163	0.306896552
71	653	163	0.309037901
665	653	163	0.305475504
2094	653	163	0.316546763
71	216	163	0.344262295
1561	887	163	0.317518248
1561	216	163	0.368159204
71	665	163	0.305475504
2358	887	163	0.307958478
2232	887	163	0.291469194
2358	216	163	0.355140187
2094	887	163	0.321299639
2094	216	163	0.373134328
71	887	163	0.306122449
2232	216	163	0.342519685
1561	653	163	0.317164179
1793	887	163	0.307692308
1793	216	163	0.351020408
665	216	163	0.343873518
1998	887	163	0.305232558
1998	216	163	0.348360656
1888	216	163	0.349593496
665	887	163	0.297101449
665	665	163	0.292270531
1888	887	163	0.307692308
1508	1888	71	0.42901474
834	1888	71	0.408759124
2179	1561	71	0.450367647
1508	1561	71	0.469289827
834	1561	71	0.454880295
163	1888	71	0.405463695
2179	1793	71	0.402158273
1508	1793	71	0.419724771
834	1793	71	0.402588066
2179	2232	71	0.399165508
163	1793	71	0.401981599
163	1561	71	0.446672744
1508	2232	71	0.417767988
2179	2094	71	0.449222324
2179	1888	71	0.406135866
1508	2094	71	0.468659595
163	2094	71	0.446167883
1508	314	71	0.463368221
834	314	71	0.448683015
163	314	71	0.441651706
163	71	71	0.409058231
163	665	71	0.395044735
163	653	71	0.405539773
163	1013	71	0.443243243
2179	71	71	0.408
1508	71	71	0.429121726
834	71	71	0.411592076
834	2094	71	0.452621895
834	887	71	0.398051496
163	887	71	0.398756047
2179	314	71	0.442844284
834	665	71	0.395977809
1508	2358	71	0.466603053
2179	2358	71	0.44605621
2179	665	71	0.397231834
834	1013	71	0.447272727
448	653	543	0.836190476
448	1013	543	0.831168831
1416	2179	543	0.414885777
1659	2179	543	0.457952468
543	834	543	0.406657019
448	834	543	0.402290623
887	2179	543	0.405462185
653	2179	543	0.406681191
216	834	543	0.461325967
1508	665	71	0.414348463
543	834	543	0.405346821
543	163	543	0.424079755
543	163	543	0.402560455
834	653	71	0.408460977
1013	2179	543	0.452813067
2010	2179	543	0.401541696
1416	1508	543	0.413593637
2010	1508	543	0.399165508
653	1508	543	0.402120141
448	163	543	0.402112676
887	1508	543	0.402777778
1013	1508	543	0.447935368
216	163	543	0.454876937
749	834	543	0.460757156
1508	1998	71	0.42791411
1659	1508	543	0.449954914
749	834	543	0.457300275
749	163	543	0.454212454
653	163	543	0.422256098
448	834	543	0.403433476
448	163	543	0.417173252
1013	834	543	0.452079566
1013	163	543	0.47338403
653	834	543	0.401869159
216	834	543	0.458639706
887	834	543	0.405027933
216	163	543	0.477927063
2010	834	543	0.404329609
1659	834	543	0.452488688
887	163	543	0.423303835
1416	163	543	0.43144849
714	981	1273	0.38255814
749	163	543	0.478723404
1416	834	543	0.413011696
895	607	1273	0.33862734
1882	1952	1273	0.369443025
1659	163	543	0.47519084
2379	2468	1273	0.380555556
714	545	1273	0.379069767
2010	163	543	0.422025129
2379	1578	1273	0.368863049
714	1578	1273	0.408139535
1273	910	1273	0.528563185
714	1016	1273	0.394444444
714	354	1273	0.396428571
714	95	1273	0.392261905
714	1339	1273	0.37875
714	1423	1273	0.386486486
2379	1766	1273	0.386752137
895	407	1273	0.377442769
714	421	1273	0.425
1882	407	1273	0.408521303
1273	910	1273	0.502857143
2379	95	1273	0.35515873
2379	354	1273	0.360449735
714	1123	1273	0.41
1238	887	810	0.8125
2379	1164	1273	0.374368687
2379	1016	1273	0.35617284
78	385	306	1.0
78	306	306	1.0
78	960	306	1.0
910	960	306	1.0
910	385	306	1.0
78	1298	306	1.0
910	1298	306	1.0
714	1164	1273	0.414204545
1924	910	1273	0.496313103
622	1273	1273	0.494139709
622	579	1273	0.492307692
1967	1273	1273	0.494825964
1699	385	306	1.0
1699	306	306	1.0
1699	1298	306	1.0
1699	960	306	1.0
2255	385	306	1.0
2255	960	306	1.0
2255	306	306	1.0
2255	1298	306	1.0
2255	601	306	0.981818182
910	306	306	1.0
910	601	306	0.99122807
1924	2255	1273	0.527042578
2441	902	306	0.392344498
2314	2314	969	0.529186603
969	969	969	0.507352941
969	969	969	0.522232734
78	306	960	0.975460123
78	1298	960	0.981481481
78	385	960	0.97515528
78	960	960	0.968992248
2314	969	969	0.527462121
910	306	960	1.0
910	960	960	0.954022989
910	601	960	0.9609375
910	385	960	1.0
1699	306	960	0.969135802
1699	1298	960	0.97515528
1699	385	960	0.96875
1699	960	960	0.96124031
2255	960	960	0.947674419
2255	385	960	1.0
910	1298	960	1.0
2255	601	960	0.944444444
2255	1298	960	1.0
2255	306	960	1.0
199	880	118	0.856148492
199	734	118	0.861244019
199	8	118	0.85645933
665	1013	314	0.765913758
2179	2358	314	0.491891892
1508	2358	314	0.516587678
163	1013	314	0.490161002
834	1013	314	0.492766727
2179	1998	314	0.477941176
1508	1998	314	0.495626822
163	653	314	0.47826087
834	653	314	0.479185939
2179	1793	314	0.479890311
1508	1793	314	0.501452081
2179	1561	314	0.499080882
834	1561	314	0.5
2179	1888	314	0.484288355
1508	1888	314	0.503414634
163	1888	314	0.487202925
834	1888	314	0.487962963
2179	2232	314	0.482394366
163	1793	314	0.480144404
834	1793	314	0.481583794
163	1561	314	0.49680948
1508	1561	314	0.520153551
163	887	314	0.480701754
1508	2094	314	0.522661524
834	2094	314	0.497700092
163	2094	314	0.495437956
163	314	314	0.490196078
163	71	314	0.48574057
834	665	314	0.484581498
1508	2232	314	0.50693802
2179	314	314	0.489266547
834	887	314	0.482789056
1508	71	314	0.501469148
834	314	314	0.495934959
163	665	314	0.484210526
834	71	314	0.487804878
2179	71	314	0.487012987
2179	2094	314	0.495882891
2179	665	314	0.485940246
1508	314	314	0.516068053
1508	665	314	0.508302583
2356	1968	485	1.0
1766	1968	485	0.327868852
485	1968	485	1.0
1164	1968	485	0.312030075
1164	623	485	0.312030075
485	623	485	1.0
2356	623	485	1.0
1766	623	485	0.327868852
2350	2522	512	1.0
334	1177	512	1.0
2350	2641	512	1.0
334	2641	512	1.0
2350	589	512	1.0
334	589	512	1.0
2350	462	512	1.0
334	462	512	1.0
2350	1145	512	1.0
1964	2528	329	0.916299559
329	2528	329	1.0
1964	1485	329	0.918918919
329	1485	329	1.0
1964	1183	329	0.916299559
329	1183	329	1.0
1964	140	329	0.918918919
329	140	329	1.0
1111	495	1014	0.842613898
1111	136	1014	0.290650407
910	1079	845	0.243559719
910	845	845	0.354197349
910	635	845	0.24704212
910	1291	845	0.361812779
2255	1079	845	0.235871088
2255	845	845	0.344903988
910	960	385	1.0
910	306	385	1.0
910	1298	385	1.0
910	601	385	0.99137931
78	306	385	1.0
78	960	385	1.0
78	1298	385	1.0
910	385	385	1.0
78	385	385	1.0
2255	960	385	1.0
1699	960	385	1.0
1699	385	385	1.0
1699	306	385	1.0
1699	1298	385	1.0
2255	385	385	1.0
2255	601	385	0.98245614
2255	306	385	1.0
384	1317	733	1.0
384	2303	733	1.0
1865	2303	733	1.0
1654	2255	535	0.48019802
535	2255	535	0.473429952
1865	1317	733	1.0
1654	910	535	0.472081218
948	1298	1255	1.0
948	601	1255	1.0
948	1092	1255	1.0
948	385	1255	1.0
2441	902	385	0.405
1606	1380	1255	1.0
910	346	1255	1.0
910	282	1255	1.0
910	1	1255	1.0
1606	1092	1255	1.0
910	1255	1255	1.0
910	56	1255	1.0
2255	282	1255	1.0
1606	385	1255	1.0
2255	1	1255	1.0
1606	1298	1255	1.0
2255	346	1255	1.0
1606	601	1255	1.0
2255	1255	1255	1.0
2255	56	1255	1.0
535	910	535	0.467980296
948	306	1255	1.0
421	960	1255	1.0
948	1380	1255	1.0
834	163	834	0.35
1606	306	1255	1.0
2179	2179	834	0.357142857
1508	2179	834	0.356
163	2179	834	0.357692308
834	834	834	0.35
834	834	834	0.353383459
834	163	834	0.356
2509	960	1255	1.0
163	834	834	0.365384615
2255	1298	385	1.0
665	543	834	0.292753623
665	448	834	0.298816568
665	653	834	0.291066282
2179	1508	834	0.361538462
1508	1508	834	0.362549801
163	163	834	0.369047619
163	163	834	0.370517928
665	216	834	0.328063241
665	1013	834	0.311594203
665	749	834	0.320754717
665	887	834	0.289473684
1508	834	834	0.36
665	1416	834	0.293103448
1998	2010	834	0.291907514
2358	2010	834	0.297945205
2232	2010	834	0.294117647
1561	2010	834	0.310218978
2179	834	834	0.352713178
665	1659	834	0.309090909
665	665	834	0.289017341
71	665	834	0.293948127
1888	2010	834	0.293604651
1998	1416	834	0.294460641
314	665	834	0.298969072
1888	1416	834	0.297376093
2232	1416	834	0.292397661
2358	1416	834	0.30449827
2094	2010	834	0.307142857
1561	1416	834	0.307116105
2094	1416	834	0.31294964
314	1416	834	0.30449827
71	71	834	0.295652174
1793	1659	834	0.318518519
1888	1659	834	0.314814815
1998	1659	834	0.315018315
2232	1659	834	0.311111111
2358	1659	834	0.323275862
2094	1659	834	0.331838565
1561	1659	834	0.336363636
71	314	834	0.315018315
1793	1416	834	0.30239521
314	314	834	0.323275862
314	543	834	0.304195804
314	749	834	0.333333333
314	1013	834	0.320512821
314	448	834	0.306620209
1888	653	834	0.295321637
314	887	834	0.300699301
1793	653	834	0.301204819
1793	2010	834	0.300595238
2232	653	834	0.292397661
1998	653	834	0.292397661
2358	653	834	0.303448276
1508	163	834	0.365145228
2094	653	834	0.31294964
1561	653	834	0.309701493
314	216	834	0.337962963
71	543	834	0.297376093
71	653	834	0.294460641
71	749	834	0.326996198
71	216	834	0.331967213
1998	543	834	0.296187683
1998	448	834	0.299401198
1998	887	834	0.290697674
2179	163	834	0.368
314	653	834	0.303448276
71	448	834	0.301492537
1998	749	834	0.325670498
71	887	834	0.294460641
1793	448	834	0.302469136
1793	1013	834	0.323420074
1793	749	834	0.332046332
1793	216	834	0.33877551
1888	216	834	0.337398374
2232	216	834	0.326771654
2358	216	834	0.341121495
71	1013	834	0.318681319
1561	216	834	0.358208955
2094	216	834	0.358208955
1888	448	834	0.3003003
1793	543	834	0.301204819
1888	887	834	0.292899408
1888	1013	834	0.319702602
1888	749	834	0.323193916
2232	1013	834	0.311355311
1561	1013	834	0.336363636
2094	1013	834	0.331838565
2232	749	834	0.324427481
2358	749	834	0.336363636
1888	543	834	0.299120235
2094	749	834	0.344339623
1998	1013	834	0.316176471
1998	216	834	0.336065574
1793	887	834	0.292899408
2358	1013	834	0.320512821
2094	887	834	0.310469314
2232	887	834	0.291176471
1561	887	834	0.310218978
2094	448	834	0.316363636
1561	448	834	0.314606742
2232	543	834	0.293768546
2094	543	834	0.310469314
1561	543	834	0.309701493
2358	887	834	0.297577855
2232	448	834	0.292899408
1561	749	834	0.352657005
2358	448	834	0.307692308
2358	543	834	0.305263158
1968	2509	1011	0.321755027
623	1164	1011	0.321755027
1968	1830	1011	1.0
623	485	1011	1.0
421	1164	1011	0.33271719
1968	1011	1011	1.0
623	1011	1011	1.0
1968	421	1011	0.332142857
623	421	1011	0.332142857
140	619	619	1.0
858	327	229	0.786259542
1485	619	619	1.0
1183	619	619	1.0
1183	329	619	0.916299559
140	329	619	0.908685969
2528	1674	619	0.916299559
2528	619	619	1.0
910	73	73	0.9
910	1838	73	0.907407407
910	421	73	0.39055794
2255	1838	73	0.909090909
910	1164	73	0.422413793
2255	73	73	0.892857143
2255	1880	309	0.453703704
910	535	309	0.487684729
910	309	309	0.505050505
2255	309	309	0.473429952
2255	2509	73	0.415254237
1314	1023	1023	1.0
2659	1023	1023	1.0
2255	421	73	0.385281385
2303	2078	520	0.675427618
1317	733	520	0.648586707
1317	222	520	0.657057282
2303	222	520	0.682716049
2528	2528	1183	1.0
1485	2528	1183	1.0
1183	1183	1183	1.0
140	2528	1183	1.0
1485	1485	1183	1.0
140	140	1183	1.0
1183	140	1183	1.0
1183	1183	1183	1.0
1183	140	1183	1.0
1449	2403	1183	0.264588329
1058	1058	1183	0.28685259
140	140	1183	1.0
140	1183	1183	1.0
2528	1183	1183	1.0
1485	1183	1183	1.0
1058	104	1183	0.27086743
2528	140	1183	1.0
1485	140	1183	1.0
627	2255	627	0.778409091
1449	104	1183	0.27572663
627	910	627	0.763736264
853	368	520	0.344645218
853	1263	520	0.339005525
2373	1968	859	0.854014599
859	623	859	1.0
2373	623	859	0.854014599
859	623	859	1.0
2220	2608	520	0.343985797
85	229	52	0.242137793
85	858	52	0.323288395
85	376	52	0.315564496
85	327	52	0.259304561
2487	2608	520	0.259219422
2220	368	520	0.351693989
1079	229	52	0.351522583
624	368	520	0.263197701
1079	49	52	0.358658115
2487	368	520	0.263530135
1079	327	52	0.346355215
624	1263	520	0.258524019
1079	858	52	0.336479278
2131	858	52	0.32597266
2131	229	52	0.235692637
2255	52	52	0.395324942
910	52	52	0.402113739
910	316	52	0.396877361
2636	1721	52	0.272057718
845	376	52	0.267815077
1079	376	52	0.337041615
845	49	52	0.39617578
845	229	52	0.281146953
1980	1721	52	0.334010978
910	1215	1215	1.0
845	858	52	0.260550459
2636	49	52	0.391130377
2255	1215	1215	1.0
1177	1005	868	1.0
1177	1679	868	1.0
1807	1005	868	1.0
1296	334	868	1.0
1296	1005	868	1.0
2490	1005	868	1.0
2636	1672	52	0.261348006
845	327	52	0.256796375
1934	1005	868	1.0
2636	229	52	0.285040531
2636	858	52	0.266106848
1980	1672	52	0.344413296
1980	229	52	0.347473107
1980	49	52	0.358262967
1980	858	52	0.332928803
2255	1606	948	1.0
910	1606	948	1.0
2509	1699	948	0.759124088
421	1699	948	0.751842752
1606	2111	948	0.739361702
948	2111	948	0.739784946
2509	2509	948	0.414666667
2509	1440	948	0.858461538
421	1440	948	0.845679012
421	1164	948	0.418353576
948	766	948	0.866498741
577	2101	948	1.0
577	1158	948	1.0
976	1158	948	1.0
976	2101	948	1.0
421	421	948	0.364583333
421	981	948	0.847560976
421	78	948	0.74025974
421	233	948	0.923875433
421	2361	948	1.0
514	1158	948	1.0
514	2101	948	1.0
421	1123	948	0.879365079
488	1158	948	1.0
488	2101	948	1.0
910	948	948	1.0
2509	2361	948	1.0
2255	948	948	1.0
832	2101	948	1.0
1606	766	948	0.874213836
2509	78	948	0.752525253
832	1158	948	1.0
2509	981	948	0.860182371
2509	233	948	0.928813559
2509	545	948	1.0
2509	1123	948	0.884735202
2509	421	948	0.361290323
838	960	1203	1.0
445	1380	1203	1.0
445	385	1203	1.0
445	306	1203	1.0
445	601	1203	1.0
445	1092	1203	1.0
445	1298	1203	1.0
2662	1729	222	1.0
958	384	222	1.0
958	520	222	1.0
2662	520	222	1.0
1430	910	786	0.423929099
786	910	786	0.405479452
2539	2138	629	0.954545455
723	2138	629	0.934782609
1430	2255	786	0.444444444
786	2255	786	0.423943662
2539	734	629	0.943820225
723	734	629	0.933333333
259	887	467	0.788321168
259	167	467	0.795774648
259	665	467	0.794326241
78	306	601	0.889705882
78	960	601	0.889705882
78	385	601	0.888059701
910	960	601	0.969465649
910	601	601	0.984375
910	385	601	0.983870968
910	306	601	0.983870968
910	1298	601	0.983606557
78	1298	601	0.983739837
2255	601	601	0.983606557
1699	385	601	0.897810219
2255	385	601	0.991666667
1699	306	601	0.899280576
1699	960	601	0.899280576
1699	1298	601	0.9765625
2255	960	601	0.984126984
2255	306	601	0.991525424
2255	1298	601	0.99137931
97	1314	97	1.0
97	1314	97	1.0
1853	1749	1213	0.85380117
565	1749	1213	0.869047619
565	247	1213	0.869047619
1882	2240	622	0.283986656
895	895	622	0.28358209
1853	247	1213	0.85380117
2506	1583	622	0.311011236
238	1161	622	0.308314607
1747	1667	622	0.765020027
322	322	622	0.765251989
238	238	622	0.293570562
769	594	622	0.301535088
769	769	622	0.296106557
714	714	622	0.307932542
2311	2018	622	0.273715415
714	1034	622	0.310416667
673	673	622	0.264650284
2311	966	622	0.275309917
673	966	622	0.272727273
2506	1161	622	0.325238095
1939	594	622	0.305392732
322	402	622	0.763684913
1747	402	622	0.759036145
895	537	622	0.278982485
622	622	622	0.638932496
622	622	622	0.639937107
2379	2059	622	0.313194444
337	337	337	0.694444444
337	337	337	0.694444444
1682	337	337	0.694444444
1273	579	622	0.282014899
1273	1273	622	0.283216783
1967	622	622	0.636932707
1924	579	622	0.279841327
1682	1682	337	0.694444444
1924	2618	622	0.282215122
1882	537	622	0.285538714
969	477	477	0.473372781
969	477	477	0.484787018
1822	1822	477	0.563011457
2314	1822	477	0.481781377
477	477	477	0.56792144
477	477	477	0.561688312
2685	1340	477	0.21994716
1822	477	477	0.543307087
2314	477	477	0.472332016
1967	1967	622	0.638932496
926	1157	1104	0.315963606
1968	1968	623	1.0
623	623	623	1.0
623	623	623	1.0
1011	1011	623	0.299393939
1830	485	623	0.359701493
1525	180	623	1.0
1968	623	623	1.0
1147	1147	623	1.0
1807	2467	1177	0.275751073
1177	2467	1177	0.301190476
1807	1122	1177	0.276159655
1177	1122	1177	0.303464755
2213	1807	334	1.0
512	1807	334	1.0
2213	1934	334	1.0
512	1934	334	1.0
2350	2467	334	1.0
334	2467	334	1.0
2213	1177	334	1.0
512	1177	334	1.0
2213	1296	334	1.0
512	1296	334	1.0
2350	1122	334	1.0
334	1122	334	1.0
1316	2101	445	1.0
838	2509	445	0.518987342
445	2111	445	1.0
2509	2111	445	0.980952381
421	2111	445	0.980582524
2509	2509	445	0.350819672
838	1699	445	1.0
2509	1699	445	0.875
421	1164	445	0.347079038
2604	1491	445	0.5
838	2361	445	1.0
2509	2361	445	1.0
838	1440	445	1.0
421	766	445	0.990196078
421	233	445	1.0
838	421	445	0.481012658
838	78	445	1.0
838	233	445	1.0
838	981	445	1.0
838	1123	445	1.0
445	766	445	1.0
248	1035	445	0.5
421	421	445	0.235443038
1316	1243	445	1.0
248	1491	445	0.5
838	545	445	1.0
1316	1158	445	1.0
2604	1035	445	0.5
2509	1123	445	1.0
2509	233	445	1.0
2509	545	445	1.0
1567	958	384	0.676923077
733	2662	384	0.637725701
1567	2662	384	0.643448795
2509	421	445	0.245823389
2509	766	445	0.990384615
933	53	42	0.865560166
733	958	384	0.671024884
387	246	381	0.811422414
1713	2198	384	0.339706536
1263	2198	384	0.334746708
1263	875	384	0.341010733
381	163	381	0.755060034
1591	1508	381	0.754885156
192	1508	381	0.757793765
2010	1508	381	0.756485645
387	163	381	0.757378174
192	163	381	0.759615385
387	163	381	0.758679959
387	887	381	0.815587267
887	163	381	0.76022176
1713	1142	384	0.260734287
1263	1142	384	0.257542768
1183	700	700	1.0
381	163	381	0.754542338
887	1508	381	0.758561052
1263	1969	384	0.255514706
1591	163	381	0.757815184
1713	875	384	0.347778267
803	623	803	1.0
2528	700	700	1.0
1485	700	700	1.0
2010	163	381	0.760485269
140	700	700	1.0
1713	1969	384	0.260962567
910	536	536	0.577777778
2255	536	536	0.580278129
786	52	858	0.297860035
786	316	858	0.292281498
118	1244	793	0.888361045
199	1244	793	0.887290168
803	623	803	1.0
1430	52	858	0.286950732
199	734	793	0.889423077
1291	52	858	0.301421801
1291	316	858	0.298915606
635	52	858	0.288327526
635	316	858	0.289982425
2190	52	858	0.29981203
880	793	8	0.863636364
880	1244	8	0.861502347
877	1244	8	0.856132075
2424	52	858	0.288202003
259	167	1330	0.84137931
467	167	1330	0.833333333
259	887	1330	0.828571429
467	887	1330	0.830882353
259	665	1330	0.840277778
467	665	1330	0.841726619
520	733	1317	1.0
520	222	1317	1.0
1729	1567	1317	1.0
1729	733	1317	1.0
933	1766	933	0.823170732
933	1164	933	0.824925816
2029	1053	933	0.747440273
42	1053	933	0.747440273
421	1092	188	0.994413408
421	601	188	0.84939759
421	385	188	0.837423313
421	306	188	0.832317073
421	1298	188	0.832317073
421	1380	188	0.994350282
838	960	188	0.984790875
1183	188	188	1.0
1183	637	188	0.991869919
140	188	188	1.0
2509	1092	188	1.0
2509	1380	188	1.0
2509	960	188	0.738872404
140	637	188	0.992031873
1485	188	188	1.0
2528	188	188	1.0
1485	637	188	0.992031873
2528	637	188	0.991869919
2509	601	188	0.834337349
2509	385	188	0.817629179
2509	306	188	0.817629179
2509	1298	188	0.815151515
1207	1183	1207	1.0
1641	1485	1207	0.826170622
1641	140	1207	0.826170622
1207	1183	1207	1.0
1207	140	1207	1.0
1641	1183	1207	0.827895074
2235	814	1207	0.271194097
1207	140	1207	1.0
1641	2528	1207	0.827895074
792	814	1207	0.277585428
2235	1587	1207	0.268237766
792	242	1207	0.275622642
85	1105	444	0.657817109
85	2435	444	0.660766962
910	444	444	0.698039216
910	390	444	0.692307692
845	1105	444	0.667582418
845	2435	444	0.687315634
1079	1105	444	0.672043011
1079	2435	444	0.668493151
2636	2435	444	0.692307692
1980	2435	444	0.66395664
2131	2435	444	0.661849711
2131	1105	444	0.656976744
2636	1105	444	0.676880223
2255	444	444	0.703557312
1980	1105	444	0.665782493
993	778	799	0.862318841
993	665	799	0.851351351
178	665	799	0.835616438
993	887	178	0.81884058
726	178	778	0.808823529
1133	665	778	0.815602837
1133	799	778	0.816326531
1133	993	778	0.791946309
726	799	778	0.804347826
665	887	778	0.824817518
140	479	479	1.0
140	188	479	1.0
2509	1380	479	0.987012987
421	1380	479	0.986666667
1485	479	479	1.0
2528	479	479	1.0
2509	1092	479	0.987654321
1183	479	479	1.0
421	1092	479	0.987341772
2528	188	479	1.0
1183	188	479	1.0
1508	1732	665	0.758347676
163	1732	665	0.757731959
1508	1537	665	0.758762887
726	665	778	0.807407407
163	192	665	0.757201646
1508	1726	665	0.758525663
163	1726	665	0.757575758
1485	1485	140	1.0
1485	188	479	1.0
665	799	778	0.825174825
1183	140	140	1.0
1508	2232	665	0.671139413
1508	246	665	0.757992437
1508	665	665	0.66689327
2528	1485	140	1.0
140	140	140	1.0
2528	2528	140	1.0
140	2528	140	1.0
1183	1183	140	1.0
163	887	665	0.659161837
140	140	140	1.0
140	1183	140	1.0
1449	2403	140	0.256126482
1058	1058	140	0.277117973
1183	140	140	1.0
1183	1183	140	1.0
1058	104	140	0.262987013
1485	140	140	1.0
2528	140	140	1.0
1485	1183	140	1.0
2528	1183	140	1.0
163	665	665	0.654016866
163	246	665	0.755319149
1449	104	140	0.270817121
2403	1485	104	0.900267738
104	1485	104	1.0
2403	2528	104	0.904347826
104	2528	104	1.0
104	140	104	1.0
104	1183	104	1.0
2403	140	104	0.900267738
2403	1183	104	0.904347826
589	589	1122	0.285054458
589	1296	1122	0.282610077
2641	1934	1122	0.28107816
2641	1296	1122	0.275772535
1766	1968	965	0.611464968
2356	1968	965	0.59375
1382	1968	965	1.0
965	1968	965	1.0
803	623	965	1.0
485	1968	965	0.628205128
965	623	965	1.0
803	623	965	1.0
485	623	965	0.628205128
1766	623	965	0.611464968
2356	623	965	0.59375
1382	623	965	1.0
786	444	1105	0.780487805
786	390	1105	0.779661017
1291	444	1105	0.788617886
1291	390	1105	0.79338843
635	444	1105	0.782945736
635	390	1105	0.782945736
2190	1735	1105	0.795081967
1430	1735	1105	0.757575758
2424	444	1105	0.782945736
2190	444	1105	0.788617886
1430	444	1105	0.754901961
2424	1735	1105	0.782945736
1801	2467	631	0.32155477
631	2467	631	0.340659341
1096	910	1096	0.230773885
1096	910	1096	0.231942669
1801	1488	631	0.308823529
2685	1488	631	0.24212272
631	1488	631	0.326923077
1201	1488	631	0.245704467
631	1122	631	0.344954128
631	143	631	0.330490405
1201	143	631	0.243739566
1801	143	631	0.313684211
2685	143	631	0.237785016
1801	1122	631	0.330357143
1157	1485	1157	1.0
1157	2528	1157	1.0
1157	1183	1157	1.0
1157	140	1157	1.0
665	887	938	0.813186813
2473	1359	908	0.20795107
898	14	908	0.23006135
898	522	908	0.232954545
2473	522	908	0.202312139
877	1244	734	0.868105516
880	1244	734	0.865707434
898	53	908	0.208191126
877	880	734	0.870588235
877	793	734	0.873271889
623	1028	1028	1.0
623	2204	1028	0.8125
1968	1028	1028	1.0
748	1298	902	0.961646399
748	385	902	0.959586466
748	306	902	0.961538462
748	601	902	0.967711301
748	1092	902	0.660228898
748	35	902	0.660228898
751	946	902	0.97564688
1096	385	902	0.953161593
1096	306	902	0.953161593
1096	1298	902	0.953161593
1096	1092	902	0.453850676
1096	601	902	0.952996475
2571	946	902	0.978227061
1096	35	902	0.456725146
421	1092	637	0.994065282
421	601	637	0.838187702
421	385	637	0.852842809
421	306	637	0.836065574
421	1298	637	0.835526316
421	1380	637	0.994011976
140	637	637	1.0
140	188	637	0.992031873
1183	637	637	1.0
1183	188	637	0.991869919
838	960	637	0.995983936
1485	188	637	0.992031873
2509	1380	637	0.994011976
2528	188	637	0.991869919
1485	637	637	1.0
2528	637	637	1.0
2509	1092	637	0.994065282
2509	960	637	0.740740741
2509	601	637	0.83171521
2509	306	637	0.828947368
2509	1298	637	0.826229508
2509	385	637	0.837209302
53	306	946	0.980555556
53	1298	946	0.980392157
53	385	946	0.980337079
53	601	946	0.98028169
53	1380	946	0.835051546
1226	902	946	0.955555556
53	1092	946	0.832474227
2096	902	946	0.948717949
1713	2546	968	0.238914027
1263	1201	968	0.240482823
1713	1340	968	0.232286996
1263	1340	968	0.236757255
624	875	853	0.848135229
2078	1865	958	1.0
222	1865	958	1.0
222	384	958	1.0
2078	384	958	1.0
1488	2546	456	0.23951049
1122	456	456	0.309058615
1122	631	456	0.319343066
143	456	456	0.290526316
143	631	456	0.303609342
143	1340	456	0.234797297
2467	456	456	0.311827957
1488	456	456	0.296375267
1488	1340	456	0.237288136
2467	1976	456	0.318681319
140	248	248	1.0
1183	248	248	1.0
2528	248	248	1.0
1485	248	248	1.0
1752	2240	579	0.386376326
607	2240	579	0.347702779
2361	2059	579	0.407222222
1699	2059	579	0.401190476
1440	2059	579	0.39702381
233	714	579	0.416860465
545	2059	579	0.390697674
981	2059	579	0.389534884
2509	2059	579	0.419318182
1123	2059	579	0.4125
78	714	579	0.392567568
607	537	579	0.379151763
1752	537	579	0.414536341
910	579	579	0.536823936
910	2618	579	0.539526832
421	2059	579	0.425641026
2361	1034	579	0.363580247
233	1034	579	0.370801034
2255	579	579	0.508224617
2509	1034	579	0.375
2684	2059	579	0.385625
2618	1967	579	0.504453821
579	622	579	0.502568893
2618	622	579	0.504703669
421	1092	360	0.9921875
421	601	360	0.929752066
421	385	360	0.933054393
579	1967	579	0.502564103
421	306	360	0.933054393
421	1298	360	0.928870293
838	960	360	0.995391705
421	960	360	0.866666667
421	1380	360	0.992125984
1183	637	360	0.995024876
1183	188	360	1.0
1183	360	360	1.0
140	360	360	1.0
140	188	360	1.0
140	637	360	0.994949495
1485	188	360	1.0
2528	188	360	1.0
2509	1380	360	0.996212121
2509	1092	360	0.996240602
2509	601	360	0.92
2509	1298	360	0.915322581
2509	385	360	0.91902834
2528	637	360	0.995024876
1485	637	360	0.994949495
2509	960	360	0.853658537
2528	360	360	1.0
1485	360	360	1.0
2509	306	360	0.922764228
140	1316	1316	1.0
1183	1316	1316	1.0
2528	1316	1316	1.0
838	960	318	1.0
445	1298	318	1.0
445	306	318	1.0
445	601	318	1.0
445	1092	318	1.0
445	385	318	1.0
445	1380	318	1.0
1485	1316	1316	1.0
421	960	282	1.0
948	1298	282	1.0
948	306	282	1.0
948	601	282	1.0
948	1092	282	1.0
948	385	282	1.0
948	1380	282	1.0
1606	1380	282	1.0
1606	1092	282	1.0
2255	282	282	1.0
910	282	282	1.0
1606	385	282	1.0
910	346	282	1.0
910	1255	282	1.0
910	1	282	1.0
910	56	282	1.0
1606	601	282	1.0
1606	1298	282	1.0
1606	306	282	1.0
2255	56	282	1.0
2255	346	282	1.0
2255	1	282	1.0
2255	1255	282	1.0
2509	960	282	1.0
2528	1449	1058	0.89893617
1183	104	1058	0.89893617
140	104	1058	0.897863818
1183	1058	1058	1.0
140	1058	1058	1.0
1485	1058	1058	1.0
1485	1449	1058	0.897863818
2528	1058	1058	1.0
421	1164	1123	0.601321586
1770	1766	583	0.321562735
583	1766	583	0.443051202
1770	1164	583	0.320540936
583	1164	583	0.443544304
2326	2255	95	0.883495146
1423	2255	95	0.787037037
1766	2255	95	0.437810945
1578	2255	95	0.835294118
2468	2255	95	0.858585859
95	910	95	0.867924528
1164	2255	95	0.448780488
354	910	95	0.761061947
1339	910	95	0.848484848
1339	1164	95	0.920454545
1339	421	95	0.913580247
95	910	95	0.852941176
354	910	95	0.783018868
1339	910	95	0.831578947
2326	910	95	0.861386139
1766	910	95	0.429319372
2468	910	95	0.84375
1423	910	95	0.775510204
1164	910	95	0.432160804
178	887	993	0.84962406
799	887	993	0.860294118
1350	2255	826	0.64160401
1350	910	826	0.629766298
826	2255	826	0.619804401
948	1298	346	1.0
826	910	826	0.610640871
948	306	346	1.0
948	601	346	1.0
948	1092	346	1.0
948	385	346	1.0
948	1380	346	1.0
1606	1380	346	1.0
421	960	346	1.0
1606	385	346	1.0
910	346	346	1.0
2255	346	346	1.0
910	1	346	1.0
910	1255	346	1.0
910	56	346	1.0
1606	1298	346	1.0
1606	306	346	1.0
2509	960	346	1.0
1606	601	346	1.0
2255	282	346	1.0
910	282	346	1.0
2255	1	346	1.0
1606	1092	346	1.0
2450	2190	390	0.673024523
1090	845	390	0.68914956
2255	56	346	1.0
2255	1255	346	1.0
1090	85	390	0.672672673
390	2255	390	0.670634921
2450	786	390	0.668621701
1090	786	390	0.669590643
1090	635	390	0.676712329
1789	910	390	0.683397683
390	910	390	0.668
2450	635	390	0.680107527
1090	1291	390	0.69760479
1090	1079	390	0.681318681
204	567	567	0.29787234
1008	567	567	0.293172691
204	1093	567	0.290816327
1549	2438	567	0.285198556
1008	1093	567	0.287878788
2353	567	567	0.292929293
2450	1430	390	0.673652695
1789	2255	390	0.68627451
2353	2438	567	0.285
1549	567	567	0.279069767
2450	1291	390	0.688385269
926	2528	926	1.0
926	1485	926	1.0
926	1183	926	1.0
1686	1485	582	0.974358974
582	1485	582	1.0
926	140	926	1.0
1686	1183	582	0.962025316
582	1183	582	1.0
582	140	582	1.0
582	2528	582	1.0
1686	140	582	0.974358974
2235	1375	792	0.406818182
792	30	792	0.42823804
2235	30	792	0.391451069
792	30	792	0.413551402
1641	2159	792	0.267482517
1207	814	792	0.261389522
1207	242	792	0.259049774
1397	2636	376	0.29244403
316	2636	376	0.294672324
1641	242	792	0.264638347
1397	2131	376	0.285223368
316	2131	376	0.286606129
316	85	376	0.275456919
1397	85	376	0.272010512
1397	845	376	0.291127542
316	845	376	0.29312763
1397	1079	376	0.279399142
316	1079	376	0.283647523
1397	1980	376	0.279279279
316	1980	376	0.28427065
192	163	887	0.761822575
192	1508	887	0.760248019
387	163	887	0.761147598
387	163	887	0.758632597
381	163	887	0.760207612
2147	2096	353	0.558823529
381	163	887	0.759598755
60	2096	353	0.57037037
2147	1226	353	0.572463768
60	1226	353	0.566433566
1591	1508	887	0.759310345
2010	1508	887	0.654902837
887	1508	887	0.652617569
1591	163	887	0.762003454
2010	163	887	0.667958951
1574	1430	316	0.24132321
327	1430	316	0.256820156
2203	1430	316	0.326127076
887	163	887	0.664704551
376	1430	316	0.316950853
1574	2190	316	0.276881337
1397	2255	316	0.396590624
316	2255	316	0.395080321
1394	2190	316	0.405233143
2203	2190	316	0.256673223
327	2190	316	0.253151121
376	2190	316	0.263744319
1574	2424	316	0.349683221
1394	2424	316	0.357918106
2203	2424	316	0.335453426
327	2424	316	0.344341522
1574	786	316	0.235514352
327	786	316	0.255559357
376	2424	316	0.334569427
2203	786	316	0.327549947
1194	1186	864	0.481283422
2068	1186	864	0.446808511
376	786	316	0.316471468
327	1291	316	0.259208544
327	635	316	0.342611133
316	910	316	0.390268886
1397	910	316	0.393644285
1394	1291	316	0.401467156
1574	1291	316	0.281373844
2203	1291	316	0.263544669
376	1291	316	0.269829392
948	306	56	1.0
948	1298	56	1.0
948	601	56	1.0
948	1092	56	1.0
948	385	56	1.0
421	960	56	1.0
948	1380	56	1.0
1606	1380	56	1.0
910	346	56	1.0
910	282	56	1.0
1574	635	316	0.347067181
910	1	56	1.0
1394	635	316	0.357539204
910	1255	56	1.0
910	56	56	1.0
1606	1092	56	1.0
2203	635	316	0.33131068
376	635	316	0.331368164
2255	282	56	1.0
1606	385	56	1.0
1606	306	56	1.0
1606	1298	56	1.0
1606	601	56	1.0
2255	346	56	1.0
2255	1	56	1.0
2255	1255	56	1.0
2255	56	56	1.0
1259	1485	1259	1.0
1259	2528	1259	1.0
2509	960	56	1.0
1259	140	1259	1.0
1259	1183	1259	1.0
2255	1440	981	0.863157895
910	1440	981	0.87254902
2255	2684	981	0.818181818
910	2684	981	0.844444444
2255	1699	981	0.752380952
910	1699	981	0.745454545
2255	981	981	0.861702128
910	981	981	0.886597938
2255	1123	981	0.822222222
2255	78	981	0.742268041
910	78	981	0.771428571
2255	421	981	0.420765027
910	1123	981	0.847826087
910	421	981	0.4375
877	793	880	0.872727273
910	1164	981	0.444444444
948	1298	1	1.0
948	306	1	1.0
948	601	1	1.0
948	1092	1	1.0
948	385	1	1.0
948	1380	1	1.0
1606	1380	1	1.0
910	346	1	1.0
910	282	1	1.0
910	1	1	1.0
910	56	1	1.0
910	1255	1	1.0
1606	1092	1	1.0
421	960	1	1.0
2509	960	1	1.0
1606	601	1	1.0
2255	56	1	1.0
2255	1255	1	1.0
2255	1	1	1.0
2255	282	1	1.0
2255	346	1	1.0
1606	1298	1	1.0
1606	306	1	1.0
1606	385	1	1.0
140	838	838	1.0
1044	421	838	0.391259105
1485	838	838	1.0
2528	838	838	1.0
1183	838	838	1.0
140	242	242	1.0
1183	242	242	1.0
140	814	242	0.818079096
1183	814	242	0.823431427
2528	242	242	1.0
1485	242	242	1.0
910	960	1298	1.0
910	385	1298	1.0
910	306	1298	1.0
910	1298	1298	1.0
910	601	1298	0.99122807
78	306	1298	1.0
78	960	1298	1.0
78	385	1298	1.0
78	1298	1298	1.0
1699	385	1298	1.0
2255	385	1298	1.0
2255	960	1298	1.0
1699	960	1298	1.0
1699	306	1298	1.0
1699	1298	1298	1.0
2255	306	1298	1.0
2255	1298	1298	1.0
2255	601	1298	0.981818182
1157	2271	225	0.310173697
2441	902	1298	0.389423077
543	653	448	0.854085603
1659	2179	448	0.463414634
2010	2179	448	0.406380028
448	834	448	0.411974341
887	2179	448	0.408870409
653	2179	448	0.412870571
216	834	448	0.472375691
1013	2179	448	0.462025316
1416	2179	448	0.422597212
749	834	448	0.470101196
1416	1508	448	0.416966211
1659	1508	448	0.454545455
543	834	448	0.417510854
2010	1508	448	0.401927047
653	1508	448	0.406184118
448	163	448	0.406162465
887	1508	448	0.404810997
1013	1508	448	0.45706619
749	163	448	0.46350365
216	163	448	0.464904284
448	834	448	0.407829181
448	163	448	0.427815571
749	834	448	0.466605672
749	163	448	0.489874638
1013	834	448	0.461261261
1013	163	448	0.483412322
543	163	448	0.409672831
653	163	448	0.429112964
887	834	448	0.409688581
216	834	448	0.46875
216	163	448	0.489443378
887	163	448	0.425858291
1416	834	448	0.417454545
2111	2293	261	0.874213836
653	834	448	0.406294707
766	948	261	0.739361702
1659	834	448	0.45706619
2010	834	448	0.408304498
543	834	448	0.412572254
2503	1922	261	1.0
2010	163	448	0.426061493
756	577	261	1.0
2503	1833	261	1.0
756	488	261	1.0
1659	163	448	0.479206049
2503	2177	261	1.0
1416	163	448	0.43990755
756	832	261	1.0
756	976	261	1.0
2503	2321	261	1.0
543	163	448	0.43404908
2468	1766	261	0.891089109
1423	1766	261	0.730978261
1766	1766	261	0.353096179
2326	1766	261	0.854368932
1578	1766	261	0.921146953
354	421	261	0.746898263
95	421	261	0.854368932
1016	421	261	1.0
2293	2255	261	1.0
261	910	261	1.0
1164	1766	261	0.407660739
2503	1859	261	1.0
95	1164	261	0.862745098
354	1164	261	0.756218905
1423	1164	261	0.747340426
2326	1164	261	0.864516129
1578	1164	261	0.925795053
1890	1164	261	1.0
1016	1164	261	1.0
2293	910	261	1.0
261	910	261	1.0
2111	261	261	0.875
2468	1164	261	0.892156863
766	261	261	0.746666667
756	514	261	1.0
1164	1164	261	0.410714286
1766	1164	261	0.353174603
1735	2450	1079	0.212535155
444	2450	1079	0.219438878
444	1090	1079	0.216717019
910	635	1079	0.423814898
910	1079	1079	0.418941504
2255	1079	1079	0.40349918
1735	1090	1079	0.213253012
548	1079	1079	0.382261087
52	1574	1079	0.273236567
548	635	1079	0.380149813
1661	1574	1079	0.275129534
1661	1394	1079	0.231990232
52	2203	1079	0.251350135
1893	1980	1079	0.387035872
1661	327	1079	0.275826711
52	327	1079	0.271169355
1661	2203	1079	0.251291264
1661	376	1079	0.252591257
1893	1079	1079	0.389134555
390	2131	1090	0.791304348
52	376	1079	0.252418448
1789	2636	1090	0.808333333
390	2636	1090	0.805084746
1789	1980	1090	0.801587302
390	1980	1090	0.801587302
1789	85	1090	0.833333333
390	85	1090	0.828282828
1789	845	1090	0.808333333
390	845	1090	0.806722689
1789	1079	1090	0.801587302
52	49	1079	0.230769231
1789	2131	1090	0.8
838	960	668	1.0
445	385	668	1.0
445	306	668	1.0
445	601	668	1.0
445	1092	668	1.0
445	1298	668	1.0
445	1380	668	1.0
390	1079	1090	0.801587302
665	887	167	0.827338129
665	1330	167	0.836734694
910	85	85	0.456556082
910	786	85	0.438253012
2255	85	85	0.431432974
2167	2114	537	0.853658537
47	769	537	0.853658537
1638	1667	537	0.617391304
2240	1967	537	0.838983051
537	622	537	0.818181818
1952	2618	537	0.583892617
407	1273	537	0.567375887
995	1034	537	0.284313725
995	714	537	0.286995516
811	1034	537	0.420289855
811	714	537	0.42
458	322	537	0.621621622
47	594	537	0.871794872
458	402	537	0.616071429
2167	594	537	0.871794872
2240	622	537	0.831932773
537	622	537	0.81147541
2041	1034	537	0.420289855
1952	579	537	0.585526316
407	579	537	0.567375887
1638	402	537	0.634782609
880	1244	877	0.865882353
880	793	877	0.866817156
793	8	1244	0.865740741
748	766	748	0.980029586
748	2111	748	0.518388106
751	53	748	0.411614731
2424	2255	1291	0.237494156
2571	53	748	0.417517007
2190	2255	1291	0.352724595
1291	2255	1291	0.355077835
635	2255	1291	0.240548204
2190	910	1291	0.340160936
2424	910	1291	0.225462963
1291	910	1291	0.340145985
635	910	1291	0.234072676
356	1161	402	0.290076336
1667	1967	402	0.433962264
402	1967	402	0.427385892
402	622	402	0.423553719
1667	622	402	0.436708861
216	448	1013	0.830287206
749	448	1013	0.826558266
543	653	1013	0.692825112
216	543	1013	0.825396825
543	834	1013	0.518484288
543	163	1013	0.540487805
543	163	1013	0.521937843
1013	834	1013	0.52972973
1013	163	1013	0.556398104
1013	1508	1013	0.527728086
1013	2179	1013	0.53164557
543	834	1013	0.527777778
887	834	1013	0.519366197
887	163	1013	0.545790934
887	1508	1013	0.51754386
1659	1508	1013	0.526737968
1416	1508	1013	0.523459062
887	2179	1013	0.520741395
216	163	1013	0.535095716
448	163	1013	0.518953069
653	1508	1013	0.519927536
653	834	1013	0.520220588
749	163	1013	0.53649635
653	163	1013	0.537414966
653	2179	1013	0.523589269
448	834	1013	0.517367459
448	163	1013	0.538238141
448	834	1013	0.521178637
2010	1508	1013	0.521929825
216	834	1013	0.539594843
216	163	1013	0.560460653
749	163	1013	0.566055931
749	834	1013	0.540938362
1659	163	1013	0.555765595
1416	163	1013	0.537708129
1659	2179	1013	0.534778681
749	834	1013	0.537968893
2010	2179	1013	0.524229075
1416	2179	1013	0.527204503
1001	134	1001	0.796130952
1001	1479	1001	0.797317437
216	834	1013	0.537683824
2010	834	1013	0.523725835
814	2528	814	1.0
1587	2528	814	0.809939924
814	1183	814	1.0
814	1485	814	1.0
1587	1485	814	0.808486879
1587	140	814	0.808486879
814	140	814	1.0
2061	716	134	0.75
2061	2267	134	0.75
922	716	134	0.75
922	922	134	0.75
1587	1183	814	0.809939924
1416	834	1013	0.520408163
2010	163	1013	0.54797048
1479	134	134	0.75
1659	834	1013	0.526833631
134	134	134	0.75
134	134	134	0.75
2346	1001	134	0.75
1479	1479	134	0.75
910	5	5	0.639447236
1296	589	1201	0.460567823
910	826	5	0.630354957
2255	5	5	0.624691358
381	246	387	0.82295082
2010	1508	387	0.758644537
192	1508	387	0.758313336
387	163	387	0.755905512
1591	1508	387	0.758147513
381	163	387	0.758169935
887	1508	387	0.761163032
192	163	387	0.759876331
387	163	387	0.757201646
887	163	387	0.76117851
381	163	387	0.75946318
1591	163	387	0.761168385
1508	1537	246	0.760548885
665	192	246	0.817215728
1508	1726	246	0.759545924
163	1726	246	0.758336198
1508	2232	246	0.762647263
1508	1732	246	0.761691884
163	887	246	0.760290557
163	192	246	0.758726899
163	1732	246	0.759697906
1508	246	246	0.757700205
163	246	246	0.756147541
1508	665	246	0.75934903
163	665	246	0.758811334
2010	163	387	0.760568261
381	163	192	0.77766323
381	163	192	0.778274321
192	163	192	0.775230927
192	1508	192	0.77337884
1591	1508	192	0.775419377
887	163	192	0.779854621
2010	1508	192	0.775474957
387	163	192	0.775566232
387	163	192	0.777319588
1591	163	192	0.777434842
887	1508	192	0.779122019
866	472	530	0.251854141
2010	163	192	0.777508651
866	530	530	0.265851449
866	472	530	0.250815344
1535	1815	530	0.509509202
866	530	530	0.268649886
1875	2211	530	0.280590382
470	470	530	0.50463933
421	425	425	0.33086516
421	583	425	0.460334593
2509	425	425	0.327881324
530	2211	530	0.276766091
1535	190	530	0.513626162
2211	1875	530	0.271379526
1817	2211	530	0.246317388
470	190	530	0.510899601
472	2211	530	0.245573871
2211	530	530	0.272898369
1875	866	530	0.279748468
530	866	530	0.277288027
2211	472	530	0.25547098
1817	866	530	0.247265444
472	866	530	0.247071517
1875	2211	472	0.334824996
1817	2211	472	0.35756654
866	472	472	0.352480803
472	2211	472	0.357885086
866	472	472	0.349606767
866	530	472	0.34036479
866	530	472	0.341072858
530	2211	472	0.334807328
2211	1875	472	0.338249754
2211	472	472	0.349206349
2211	530	472	0.337668752
3	3	472	0.590808416
3	330	472	0.589270508
1675	1348	472	0.583309679
1875	866	472	0.336768617
1675	330	472	0.581381902
1817	866	472	0.355181024
530	866	472	0.337790986
472	866	472	0.353629977
530	472	472	0.265012187
530	530	472	0.266916121
1875	1875	472	0.267066708
530	472	472	0.266631978
1817	1875	472	0.278421913
530	530	472	0.266281431
1875	472	472	0.264688471
472	1875	472	0.280119066
53	2111	53	0.671637953
53	766	53	0.901622368
472	472	472	0.268228798
1875	530	472	0.266988778
1817	530	472	0.278328004
472	530	472	0.280279808
2641	2685	143	0.271995946
2546	2685	143	0.37655136
1340	1340	143	0.375780166
589	1340	143	0.277452689
2546	1934	143	0.301513468
1340	1934	143	0.304176462
1122	143	143	0.821755174
1817	1817	472	0.268228798
472	472	472	0.269115975
1817	472	472	0.266582261
1488	1488	143	0.2756927
1340	1296	143	0.298469922
143	143	143	0.279126398
1340	1201	143	0.37853459
589	1201	143	0.274331282
2641	1201	143	0.271868979
2546	1296	143	0.298831151
143	143	143	0.27402268
143	1122	143	0.208608484
1488	143	143	0.26880035
143	2467	143	0.207590347
1488	2467	143	0.205063662
1488	1122	143	0.205990202
