578	2334	0.993079585
450	2050	0.90625
308	1653	0.893939394
973	1653	0.31372549
973	308	0.306406685
522	1359	0.905263158
781	2591	0.924528302
908	1701	0.887850467
1246	2126	0.924528302
1257	2482	0.891304348
1180	1404	0.875796178
1177	1807	0.902887139
589	462	0.463601533
1296	1807	0.442990654
167	1604	0.788043478
665	1604	0.808988764
467	259	0.786127168
887	259	0.782122905
1330	259	0.797814208
792	2235	0.785276074
78	1699	1.0
1128	2243	0.859747546
421	1699	0.409681228
1164	354	0.417360285
442	1957	0.886925795
877	1544	0.843023256
880	1544	0.847619048
734	1544	0.846456693
118	199	0.855750487
1244	199	0.8359375
793	199	0.847744361
8	1544	0.848722986
314	1998	0.612099644
1013	653	0.609555189
543	653	0.819776715
887	653	0.655495979
216	653	0.615763547
71	1998	0.813804173
665	1998	0.658884565
448	653	0.820592824
761	2292	0.828488372
749	653	0.619546248
736	2402	0.9
686	1783	1.0
803	1382	1.0
1164	1382	0.171428571
421	37	0.180301827
271	1616	0.860927152
62	1505	0.848241206
968	1804	0.871581451
334	2350	1.0
864	1511	1.0
1214	1596	0.943925234
1275	1781	0.944971537
1080	1647	0.992753623
738	2215	0.982035928
1164	1399	0.384615385
421	54	0.389240506
314	2094	0.807142857
665	2094	0.687134503
1013	749	0.776859504
543	749	0.662962963
216	749	0.777960526
653	749	0.669811321
448	749	0.668478261
71	2094	0.657943925
144	1622	0.86875
887	749	0.697247706
353	1377	0.99047619
991	2513	0.895622896
938	2501	0.788617886
665	2501	0.805084746
1194	2068	1.0
810	1156	0.801587302
1238	1156	0.801652893
388	2187	0.93902439
887	1156	0.792
98	1904	0.914893617
438	2031	1.0
462	1814	0.355871886
1145	1814	0.886363636
1177	469	0.336917563
589	1814	0.104557641
1171	1434	0.936781609
203	1548	0.939130435
1103	2612	0.921146953
461	2268	0.901482127
923	1806	0.89679098
421	233	0.423853211
1164	1578	0.428438662
488	832	1.0
577	832	1.0
976	832	1.0
514	832	1.0
402	1667	0.811320755
805	1419	0.838147639
858	49	0.755868545
376	1394	0.757961783
876	2484	0.992063492
1168	2336	0.909920182
416	1856	0.931386861
376	327	0.406779661
49	1672	0.377816291
858	1672	0.395770393
229	1672	0.827777778
579	2618	0.811355311
314	1888	0.610714286
71	1888	0.823151125
448	543	0.8296875
665	1888	0.666666667
653	543	0.827697262
216	543	0.620689655
1013	543	0.620462046
749	543	0.625874126
887	543	0.66487214
193	1940	0.818514644
543	1416	0.8192
448	1416	0.807511737
887	1416	0.657718121
653	1416	0.817741935
1013	1416	0.597359736
749	1416	0.614310646
314	71	0.607843137
665	71	0.6692607
216	1416	0.607553366
355	1625	0.970454545
1213	2390	0.984375
3	1675	0.825890334
1321	1918	0.899159664
629	1497	0.982142857
1079	1980	0.826655052
799	2478	0.835227273
887	2478	0.82208589
993	2478	0.837078652
778	1133	0.826347305
726	1133	0.810650888
178	2478	0.817647059
1245	2044	0.877906977
665	1133	0.810344828
582	1686	0.931034483
798	1555	0.857142857
548	1893	0.832214765
910	2255	0.824987605
1207	1641	0.816958277
73	1838	1.0
1164	493	0.494736842
421	1838	0.421621622
494	2146	0.937219731
42	2029	0.977054652
779	2281	0.794117647
71	1561	0.689013035
653	216	0.703564728
314	1561	0.830053667
665	1561	0.729532164
887	216	0.73088685
749	216	0.826923077
1013	216	0.829752066
543	216	0.694852941
448	216	0.69009009
834	163	0.833333333
834	1508	0.843137255
1260	1916	0.943342776
163	1508	0.850393701
306	960	1.0
1298	960	1.0
385	960	1.0
601	960	0.992647059
30	1375	0.826979472
1298	306	1.0
385	306	1.0
601	306	1.0
960	306	1.0
589	396	0.150510204
625	1741	0.96
938	2155	0.772357724
665	2155	0.788135593
887	810	0.808
1156	810	0.795275591
1	1255	1.0
282	1255	1.0
56	1255	1.0
346	1255	1.0
1238	810	0.809917355
216	1659	0.761904762
749	1659	0.788830716
887	1659	0.679331307
543	1659	0.627522936
653	1659	0.642990654
665	314	0.668122271
71	314	0.633828996
190	1815	0.825680934
1013	1659	0.759472817
448	1659	0.646319569
222	2078	1.0
1123	2684	1.0
309	1880	0.933884298
1164	1339	0.598148148
421	2684	0.574275362
973	2318	0.843122677
1263	1713	0.871067961
969	2314	0.850574713
1011	1830	1.0
1164	485	0.316998469
421	1830	0.327868852
76	2489	0.94351145
1139	2221	0.992063492
973	2631	0.326923077
973	1286	0.339950372
1286	2631	0.909090909
880	1463	0.844990548
734	1463	0.851851852
877	1463	0.845124283
8	1463	0.850194553
1244	118	0.840077071
199	118	0.852427184
793	118	0.843283582
842	1733	0.944785276
801	1839	0.933035714
516	1438	0.830534613
306	385	1.0
960	385	1.0
601	385	1.0
1298	385	1.0
868	1857	1.0
45	1773	0.868020305
791	2199	0.970588235
1147	1525	1.0
74	2150	0.822682268
535	1654	0.904
140	2528	1.0
1183	2528	1.0
140	1183	1.0
97	2368	0.891304348
1164	1418	0.476415094
493	1418	1.0
421	73	0.424242424
642	2298	0.795180723
834	2179	0.764705882
163	2179	0.811320755
163	834	0.801886792
619	1674	0.909937888
310	1655	0.944751381
306	601	1.0
385	601	1.0
1298	601	1.0
960	601	0.992647059
1291	2190	0.8385346
1079	845	0.402309059
635	2190	0.414568345
485	2356	1.0
1164	2356	0.319526627
421	1011	0.324599709
136	2359	0.290524168
1111	1014	0.286960986
495	2359	0.834563346
384	1865	0.822134387
49	229	0.352331606
261	2293	1.0
858	229	0.371601208
327	1574	0.782152231
376	1574	0.388632873
329	1964	0.896024465
1149	1843	0.958762887
1330	467	0.794444444
167	1812	0.79558011
976	514	1.0
665	1812	0.794285714
488	514	1.0
832	514	1.0
577	514	1.0
259	467	0.786127168
512	2213	1.0
887	467	0.772727273
589	2641	0.835571569
326	2057	0.869309838
58	2349	0.832095097
484	2673	0.858710562
302	2425	0.992753623
316	1397	0.824330672
733	1567	1.0
318	1203	1.0
668	1203	1.0
152	1974	0.982142857
1028	2204	0.833333333
85	2131	0.841541756
180	2492	1.0
1023	1442	0.901098901
1124	1471	0.881773399
565	1853	0.831502153
844	1410	0.82397677
624	2220	0.384669059
1142	875	0.386653386
225	2449	0.829213483
853	2220	0.851885756
699	2590	0.87283237
477	1822	0.855895197
623	1968	1.0
337	1682	0.88
269	1942	0.897183099
870	2083	0.987951807
462	2522	0.882051282
589	2522	0.456766917
1296	1177	0.445045045
498	2494	0.96875
892	1774	0.931205283
1045	2558	0.989528796
204	2353	0.826340945
360	188	1.0
637	188	0.991017964
296	2552	0.822864889
577	976	1.0
514	976	1.0
488	976	1.0
832	976	1.0
520	1729	0.809338521
511	1761	0.921965318
1164	1790	0.362676056
421	445	0.368613139
745	2433	0.827574751
1296	2316	0.158286119
589	971	0.155686546
382	2316	0.981767181
1005	1679	1.0
199	1353	0.852071006
118	1353	0.858546169
880	8	0.860687023
877	8	0.85518591
734	8	0.858283433
793	1353	0.853333333
1244	1353	0.8515625
712	1671	0.848137536
118	793	0.877669903
199	793	0.875728155
1244	793	0.886756238
8	2138	0.875
734	2138	0.888349515
880	2138	0.874762808
622	1967	0.820638821
877	2138	0.882917466
589	1727	0.157015986
971	1727	0.984528833
1296	382	0.157127233
188	479	1.0
637	479	0.96969697
167	2675	0.831521739
887	1330	0.815642458
665	778	0.804597701
799	2123	0.801136364
1133	778	0.788571429
178	2123	0.8
887	2123	0.803680982
993	2123	0.780898876
259	1330	0.824858757
665	2675	0.825842697
467	1330	0.826589595
684	1387	0.977054652
1133	1523	0.794285714
726	1523	0.805882353
778	1523	0.814371257
726	778	0.786982249
993	178	0.787709497
887	178	0.818181818
958	2662	1.0
799	178	0.797752809
665	1523	0.835227273
665	1726	0.812444444
887	381	0.815275311
246	1726	0.811312417
387	381	0.810703229
192	381	0.806911447
160	1407	0.844
648	2201	0.858498024
1042	1755	0.973509934
611	2224	1.0
860	2397	0.916666667
390	1789	0.81496063
1058	1449	0.898556876
189	1777	0.978494624
1133	2144	0.844827586
726	2144	0.822485207
993	799	0.848314607
665	2144	0.828571429
778	2144	0.84939759
887	799	0.83030303
178	799	0.830409357
1180	2672	0.490636704
59	1327	0.492424242
410	2387	0.954545455
37	2148	1.0
1164	803	0.14520202
421	2148	0.147040102
866	2211	0.810483871
472	2211	0.112799088
1144	1421	0.955177743
530	866	0.127530364
472	866	0.112114372
381	2010	0.809924679
192	2010	0.815391267
387	2010	0.816290394
1142	1969	0.827431047
246	665	0.810703229
723	2539	1.0
887	2010	0.813926611
376	2203	0.821538462
49	858	0.834196891
319	1586	0.905953408
1183	1485	1.0
140	1485	1.0
1183	140	1.0
333	2563	0.821852732
396	1970	0.905660377
37	2310	1.0
803	965	1.0
421	2310	0.540178571
485	965	0.635416667
1011	2310	0.62
1164	965	0.525114155
89	2516	0.910614525
559	1443	0.977272727
705	1795	0.931192661
37	1529	1.0
803	184	0.990654206
459	2313	0.864386792
1090	2450	0.782178218
725	1610	0.992882562
207	2586	0.958579882
86	2066	0.929292929
277	1489	0.827380952
394	1820	0.893333333
861	2299	0.96713615
1296	631	0.483965015
456	1976	0.922764228
251	2559	0.943925234
1267	2448	0.904929577
311	2133	0.865102639
589	1976	0.479411765
188	637	0.991017964
360	637	0.996441281
887	2283	0.806451613
810	2283	0.766129032
1238	2283	0.8
356	2253	0.887850467
665	938	0.793103448
1156	2283	0.776
802	1405	0.982507289
859	2373	0.824742268
354	1423	1.0
1164	1423	0.416273585
421	78	0.409198113
199	2079	0.854870775
1244	2079	0.855445545
793	2079	0.871428571
118	2079	0.863636364
880	734	0.86407767
8	734	0.858283433
877	734	0.865877712
421	2509	0.845892465
93	1861	0.819580656
1317	2303	1.0
1218	1678	0.829736211
126	2469	0.886138614
624	853	0.381607602
875	2198	0.847849854
788	1656	0.87537092
989	1923	0.982876712
950	2118	0.957446809
188	360	1.0
637	360	0.996441281
1142	2198	0.384904913
1255	282	1.0
346	282	1.0
56	282	1.0
436	2620	0.943181818
1	282	1.0
425	1928	0.987288136
104	2403	0.901618399
668	318	1.0
1203	318	1.0
1133	2338	0.861271676
665	2338	0.856321839
778	2338	0.842424242
178	993	0.829411765
887	993	0.846625767
726	2338	0.823529412
1296	1801	0.478395062
799	993	0.853107345
589	456	0.462732919
631	1801	0.90438247
981	1440	1.0
78	1440	1.0
354	95	1.0
1339	95	0.911764706
1296	1934	0.844142952
1164	95	0.62254902
429	2237	0.924590164
421	1440	0.584615385
1123	1440	0.903846154
1339	2468	1.0
421	1123	0.572222222
1164	2468	0.594795539
1004	1403	0.812772134
352	2323	0.848375451
64	2119	0.950276243
444	1735	0.831325301
1093	1912	0.831578947
52	1661	0.814763231
898	2473	0.859747546
56	346	1.0
1255	346	1.0
1	346	1.0
282	346	1.0
954	2206	0.927927928
887	2071	0.802469136
799	2071	0.794285714
993	2071	0.795454545
778	726	0.81595092
665	726	0.790697674
1133	726	0.805882353
178	2071	0.81547619
265	2070	0.996428571
120	2676	0.991803279
1278	2623	0.830601093
612	1787	0.90942029
210	2143	0.888888889
282	56	1.0
346	56	1.0
1255	56	1.0
1	56	1.0
32	1698	0.99047619
49	1721	0.819277108
858	1721	0.804216867
589	1417	0.159292035
324	1417	0.922222222
1052	2205	0.916666667
1259	1593	0.986970684
241	1664	0.910667823
1273	1924	0.828037383
166	2209	1.0
890	2137	0.788501027
60	2147	0.988269795
5	2171	0.834190231
774	1409	0.966292135
368	2608	0.862029208
440	1785	0.879310345
1331	1465	0.991803279
341	1927	0.964285714
1177	2490	0.324137931
462	1145	0.346153846
469	2490	0.893129771
56	1	1.0
346	1	1.0
282	1	1.0
1255	1	1.0
95	2326	1.0
354	2326	1.0
1164	2326	0.626262626
78	981	1.0
1123	981	0.901960784
421	981	0.592783505
1339	2326	0.901960784
246	2232	0.813747228
387	887	0.81003107
192	887	0.818457539
381	887	0.816725979
814	1587	0.824240062
665	2232	0.808321377
953	1987	0.781065089
773	2295	0.9375
248	2604	0.980582524
573	2666	0.881383855
936	2124	0.882352941
614	2594	0.967320261
1328	1829	0.862258953
832	488	1.0
577	488	1.0
514	488	1.0
976	488	1.0
428	1390	0.855
306	1298	1.0
385	1298	1.0
601	1298	1.0
960	1298	1.0
1088	2090	0.82143446
475	1739	0.884488449
947	2106	0.809659091
14	1867	0.934782609
793	2225	0.871455577
199	2225	0.870841487
118	2225	0.871345029
877	880	0.872093023
432	1534	0.978494624
71	1793	0.828250401
749	448	0.643979058
314	1793	0.640569395
1013	448	0.634266886
665	1793	0.684824903
734	880	0.877712032
653	448	0.845659164
8	880	0.880859375
1244	2225	0.862135922
543	448	0.846889952
887	448	0.672922252
216	448	0.628899836
1137	2602	0.935361217
948	1606	1.0
259	1512	0.81920904
887	1512	0.826815642
467	1512	0.832369942
665	167	0.803370787
1330	1512	0.836065574
591	1936	0.891041162
1104	1570	0.810989011
1105	2435	0.797979798
59	2525	0.867507886
508	1910	0.83583672
1122	2467	0.814149284
721	1431	0.932670237
1203	668	1.0
318	668	1.0
856	1993	0.862246923
600	2217	1.0
938	2583	0.8
665	2583	0.782608696
810	1238	0.796747967
887	1238	0.786885246
1156	1238	0.782258065
571	2605	0.917355372
879	1956	0.990990991
1241	1552	0.89010989
895	1882	0.895348837
635	1291	0.394101877
1079	2636	0.386383731
845	2636	0.836265223
635	2424	0.83686067
880	2589	0.840909091
734	2589	0.852071006
793	1244	0.863551402
877	2589	0.860465116
118	1244	0.849902534
199	1244	0.837573386
8	2589	0.853228963
514	577	1.0
488	577	1.0
976	577	1.0
832	577	1.0
589	2546	0.457700651
1340	2546	0.856738592
1296	1201	0.4548
1249	1959	0.961038961
242	2159	0.813148789
336	1545	0.88593422
854	2136	0.970588235
978	1697	0.851449275
134	1479	0.833333333
71	2358	0.672862454
665	2358	0.708879185
749	1013	0.820244328
314	2358	0.820284698
216	1013	0.824302135
887	1013	0.711246201
543	1013	0.689908257
653	1013	0.691588785
448	1013	0.691202873
1244	2222	0.865497076
118	2222	0.859922179
199	2222	0.852941176
880	877	0.858778626
734	877	0.869306931
8	877	0.858546169
793	2222	0.864661654
786	1430	0.836170213
280	1700	0.97377423
826	1350	0.819444444
872	1945	1.0
470	1535	0.801359517
322	1747	0.819047619
583	1770	0.995726496
887	387	0.810750777
665	1732	0.81919147
381	387	0.8125
192	387	0.80977086
246	1732	0.822281167
1111	1840	0.287548638
1014	1840	0.837395865
65	2189	0.816860864
136	495	0.292871901
597	1614	0.892156863
1008	1549	0.831640834
330	1348	0.833428408
1296	2685	0.460610932
589	1340	0.461706783
1201	2685	0.860390764
595	1538	0.822385707
472	1817	0.808432148
200	1681	0.899147727
1164	1766	0.849628589
192	1591	0.816925734
887	1591	0.814831261
387	1591	0.823737821
381	1591	0.813829787
665	246	0.814666667
751	2571	0.824885284
665	1537	0.837106081
887	192	0.838065661
381	192	0.826914564
387	192	0.828028294
246	1537	0.834951456
1122	143	0.529744803
530	1875	0.8173258
143	1488	0.820800956
1122	1488	0.532976827
1111	1481	0.819466582
1226	2096	0.821990642
136	2456	0.820687453
624	2487	0.826329367
