798	1284	26	1.0
1226	935	26	0.302583026
793	734	199	0.850574713
118	880	199	0.858139535
30	890	890	0.408986175
1375	890	890	0.394526796
30	2137	890	0.432818074
467	887	259	0.794117647
448	543	653	0.826741996
216	543	653	0.825396825
543	71	653	0.822265625
1659	2179	653	0.443541102
1416	2179	653	0.413059428
2010	2179	653	0.394590846
448	834	653	0.400570207
887	2179	653	0.397089397
749	834	653	0.449862006
653	2179	653	0.40274765
216	834	653	0.452117864
543	834	653	0.40593343
1013	2179	653	0.443037975
448	163	653	0.41723356
448	71	653	0.823643411
448	834	653	0.397864769
448	163	653	0.396358543
653	163	653	0.421531463
653	1508	653	0.39775123
887	834	653	0.397923875
1013	834	653	0.441441441
1013	163	653	0.461611374
1013	1508	653	0.437388193
216	834	653	0.447610294
216	163	653	0.466410749
216	163	653	0.443938013
1416	1508	653	0.408339324
1659	1508	653	0.435828877
887	1508	653	0.394501718
543	163	653	0.400426743
749	163	653	0.442518248
543	834	653	0.403179191
2531	2539	166	0.470588235
2531	723	166	0.439393939
2010	1508	653	0.391603579
543	163	653	0.424846626
1659	834	653	0.437388193
1416	834	653	0.409454545
749	834	653	0.445562672
2010	834	653	0.397231834
749	163	653	0.466730955
1416	163	653	0.43220339
653	834	653	0.399141631
887	163	653	0.415631848
421	1164	54	0.391812865
1659	163	653	0.458412098
2010	163	653	0.415812592
623	54	54	1.0
1968	54	54	1.0
800	2111	800	0.715277778
800	766	800	1.0
319	53	800	0.531413613
1586	53	800	0.53968254
1296	53	800	0.53030303
1934	53	800	0.528735632
635	2255	635	0.42467311
2424	2255	635	0.426404494
635	910	635	0.409475465
2424	910	635	0.411406423
1291	1893	635	0.421828909
635	1893	635	0.378901373
2424	1893	635	0.380387258
2509	2509	233	0.311371841
421	1164	233	0.311446318
2190	548	635	0.410071942
2424	548	635	0.386607707
635	548	635	0.385147892
462	868	1005	1.0
462	512	1005	1.0
589	868	1005	1.0
589	512	1005	1.0
1122	1005	1005	1.0
2522	868	1005	1.0
1122	334	1005	1.0
216	71	749	0.791327913
2467	1005	1005	1.0
653	1013	749	0.798913043
216	653	749	0.78342246
216	543	749	0.782493369
543	1013	749	0.786096257
1013	887	749	0.789699571
448	1013	749	0.796344648
448	653	749	0.670353982
216	887	749	0.796645702
216	448	749	0.790575916
216	665	749	0.793172691
2641	868	1005	1.0
2010	2179	749	0.500444444
1416	2179	749	0.505681818
887	2179	749	0.504028648
543	834	749	0.509416196
1659	2179	749	0.513242009
1013	2179	749	0.510968921
448	314	749	0.82122905
448	834	749	0.501872659
749	834	749	0.513339466
1659	1508	749	0.508137432
2010	1508	749	0.499556344
749	163	749	0.509124088
1013	1508	749	0.50907441
216	163	749	0.511478421
653	1508	749	0.501387604
543	163	749	0.506069094
448	163	749	0.499539171
653	2179	749	0.503292568
448	163	749	0.522682446
448	834	749	0.502798507
216	834	749	0.513413506
216	163	749	0.536231884
887	1508	749	0.503127793
543	834	749	0.505660377
216	834	749	0.514814815
1416	1508	749	0.501862197
543	163	749	0.528827038
1013	163	749	0.53698367
749	834	749	0.509606587
653	834	749	0.5
749	163	749	0.538090646
653	163	749	0.521782178
887	834	749	0.504480287
1416	163	749	0.523762376
2010	163	749	0.525629077
1013	834	749	0.510036496
1659	834	749	0.50634058
2010	834	749	0.502222222
887	163	749	0.530573848
1659	163	749	0.536398467
1416	834	749	0.502347418
2467	2522	462	0.301176471
1177	1145	469	0.894117647
1183	296	296	1.0
1183	2552	296	0.815889029
140	296	296	1.0
140	2552	296	0.823003195
1485	296	296	1.0
2528	296	296	1.0
751	802	32	0.530612245
751	60	32	0.544827586
2571	802	32	0.588652482
778	799	1133	0.85106383
793	1194	152	0.945054945
793	723	152	0.945652174
2079	1194	152	0.935483871
858	376	49	0.759223301
1592	1910	1045	0.85380117
404	565	1045	0.85380117
1592	508	1045	0.837209302
404	508	1045	0.837209302
2179	1793	71	0.402158273
1508	1793	71	0.419724771
834	1793	71	0.402588066
163	1793	71	0.401981599
2179	2232	71	0.399165508
163	887	71	0.398756047
1508	2232	71	0.417767988
834	887	71	0.398051496
1508	2094	71	0.468659595
2179	2094	71	0.449222324
834	2094	71	0.452621895
2179	1561	71	0.450367647
1508	1561	71	0.469289827
834	1561	71	0.454880295
163	1561	71	0.446672744
2179	1888	71	0.406135866
1508	1888	71	0.42901474
163	1888	71	0.405463695
834	1888	71	0.408759124
163	2094	71	0.446167883
2179	665	71	0.397231834
834	665	71	0.395977809
163	665	71	0.395044735
163	71	71	0.409058231
163	314	71	0.441651706
163	653	71	0.405539773
1508	665	71	0.414348463
2179	314	71	0.442844284
1508	314	71	0.463368221
834	314	71	0.448683015
2179	1998	71	0.404193782
1508	1998	71	0.42791411
834	653	71	0.408460977
834	1013	71	0.447272727
834	71	71	0.411592076
163	1013	71	0.443243243
1508	2358	71	0.466603053
448	653	543	0.836190476
1508	71	71	0.429121726
448	1013	543	0.831168831
2179	71	71	0.408
2010	2179	543	0.401541696
1659	2179	543	0.457952468
1416	2179	543	0.414885777
887	2179	543	0.405462185
448	834	543	0.402290623
653	2179	543	0.406681191
543	834	543	0.406657019
1013	2179	543	0.452813067
749	834	543	0.460757156
216	834	543	0.461325967
1659	1508	543	0.449954914
2010	1508	543	0.399165508
1416	1508	543	0.413593637
653	1508	543	0.402120141
448	163	543	0.402112676
543	163	543	0.402560455
1013	1508	543	0.447935368
749	163	543	0.454212454
216	163	543	0.454876937
543	834	543	0.405346821
543	163	543	0.424079755
887	1508	543	0.402777778
749	834	543	0.457300275
749	163	543	0.478723404
216	834	543	0.458639706
1416	163	543	0.43144849
1659	163	543	0.47519084
2010	163	543	0.422025129
216	163	543	0.477927063
887	163	543	0.423303835
448	163	543	0.417173252
1013	163	543	0.47338403
653	163	543	0.422256098
1659	834	543	0.452488688
2010	834	543	0.404329609
1416	834	543	0.413011696
653	834	543	0.401869159
1013	834	543	0.452079566
887	834	543	0.405027933
1418	2255	493	0.923076923
448	834	543	0.403433476
1766	2255	493	0.400900901
493	910	493	0.928571429
53	2278	684	0.875257308
1164	2255	493	0.432432432
493	910	493	0.920792079
1164	910	493	0.425339367
1882	1952	1273	0.369443025
1418	910	493	0.904761905
895	607	1273	0.33862734
2379	1578	1273	0.368863049
714	545	1273	0.379069767
714	981	1273	0.38255814
714	1578	1273	0.408139535
1273	910	1273	0.528563185
895	407	1273	0.377442769
1924	2255	1273	0.527042578
714	1164	1273	0.414204545
2379	1164	1273	0.374368687
1766	910	493	0.398104265
714	1423	1273	0.386486486
2379	2468	1273	0.380555556
714	1123	1273	0.41
714	1016	1273	0.394444444
714	354	1273	0.396428571
2379	1766	1273	0.386752137
714	95	1273	0.392261905
714	1339	1273	0.37875
2379	95	1273	0.35515873
2379	1016	1273	0.35617284
714	421	1273	0.425
2379	354	1273	0.360449735
1273	910	1273	0.502857143
1882	407	1273	0.408521303
1967	1924	1273	0.492760392
622	579	1273	0.492307692
1924	910	1273	0.496313103
1967	1747	322	0.426470588
622	402	322	0.430672269
622	322	322	0.44017094
653	1013	216	0.837398374
622	1273	1273	0.494139709
1967	322	322	0.439914163
749	887	216	0.835164835
1013	887	216	0.832618026
543	1013	216	0.832
1013	834	216	0.540491356
749	665	216	0.842217484
1013	163	216	0.568421053
1013	2179	216	0.541970803
2010	2179	216	0.532142857
1013	1508	216	0.538878843
1416	2179	216	0.53490566
216	834	216	0.544198895
887	2179	216	0.534172662
749	834	216	0.545706371
1659	2179	216	0.545955882
448	834	216	0.531657356
653	2179	216	0.533208606
1416	1508	216	0.529193698
543	834	216	0.53538175
1659	1508	216	0.539509537
216	163	216	0.539653601
749	163	216	0.543040293
2010	1508	216	0.529777778
543	163	216	0.531307551
653	1508	216	0.530330882
448	163	216	0.529304029
216	834	216	0.542279412
216	163	216	0.56621881
887	1508	216	0.533572068
653	834	216	0.529795158
653	163	216	0.549753695
543	834	216	0.531162791
887	834	216	0.533154122
749	834	216	0.543617998
1659	834	216	0.54007286
2010	834	216	0.532444444
1416	834	216	0.530345472
887	163	216	0.560791706
448	834	216	0.52962963
1659	163	216	0.569644573
543	163	216	0.55108055
749	163	216	0.572533849
1967	1273	1273	0.494825964
448	163	216	0.551521099
2010	163	216	0.558356676
1416	163	216	0.548323471
1508	1508	163	0.392086331
2179	1508	163	0.384615385
163	163	163	0.390681004
834	163	163	0.376923077
2179	2179	163	0.372180451
1508	2179	163	0.376
834	834	163	0.369230769
163	2179	163	0.369230769
163	163	163	0.388489209
163	834	163	0.380769231
834	834	163	0.37593985
834	163	163	0.38
2179	834	163	0.372093023
1508	834	163	0.384
71	543	163	0.309037901
71	653	163	0.309037901
71	749	163	0.342205323
71	448	163	0.31641791
71	1013	163	0.32967033
71	71	163	0.307246377
71	887	163	0.306122449
71	665	163	0.305475504
71	216	163	0.344262295
2232	1416	163	0.304093567
2358	1416	163	0.311418685
71	314	163	0.326007326
1793	1416	163	0.314371257
1998	1416	163	0.306122449
1508	163	163	0.391791045
2094	1416	163	0.320143885
1561	1416	163	0.310861423
314	1416	163	0.307958478
1888	448	163	0.315315315
1998	448	163	0.314371257
665	1416	163	0.304597701
1888	1416	163	0.309037901
1793	448	163	0.317901235
2179	163	163	0.384
2094	448	163	0.323636364
1561	448	163	0.322097378
314	448	163	0.31010453
2232	448	163	0.307692308
665	448	163	0.313609467
1888	1659	163	0.325925926
2358	448	163	0.314685315
2358	1659	163	0.331896552
2232	1659	163	0.325925926
2094	1659	163	0.340807175
1561	1659	163	0.340909091
314	314	163	0.331896552
1998	1659	163	0.326007326
665	1659	163	0.32
1888	216	163	0.349593496
1793	216	163	0.351020408
2232	216	163	0.342519685
1793	1659	163	0.32962963
1998	216	163	0.348360656
2358	216	163	0.355140187
2094	216	163	0.373134328
314	216	163	0.351851852
1793	749	163	0.347490347
1888	749	163	0.338403042
665	216	163	0.343873518
2358	749	163	0.35
2094	749	163	0.358490566
2232	749	163	0.339694656
1998	749	163	0.340996169
1561	216	163	0.368159204
1561	749	163	0.362318841
314	749	163	0.346846847
1888	543	163	0.31085044
1793	543	163	0.313253012
2094	543	163	0.321299639
665	749	163	0.335849057
1998	543	163	0.307917889
2358	543	163	0.315789474
665	543	163	0.304347826
1998	1013	163	0.327205882
2358	1013	163	0.329059829
2094	1013	163	0.340807175
1793	1013	163	0.334572491
1561	543	163	0.317164179
314	543	163	0.311188811
314	1013	163	0.329059829
665	1013	163	0.322463768
1888	653	163	0.30994152
1888	1013	163	0.330855019
2232	543	163	0.305637982
2232	1013	163	0.326007326
1793	653	163	0.31626506
2358	653	163	0.306896552
1998	653	163	0.307017544
2094	653	163	0.316546763
1561	1013	163	0.340909091
1561	653	163	0.317164179
314	653	163	0.306896552
665	653	163	0.305475504
314	665	163	0.305841924
314	887	163	0.307692308
2232	653	163	0.307017544
1888	2010	163	0.305232558
1998	2010	163	0.303468208
1793	2010	163	0.3125
2358	2010	163	0.308219178
2094	2010	163	0.317857143
1561	2010	163	0.317518248
1888	887	163	0.307692308
2358	887	163	0.307958478
1561	887	163	0.317518248
1793	887	163	0.307692308
1998	887	163	0.305232558
2094	887	163	0.321299639
1238	887	810	0.8125
199	734	118	0.861244019
199	880	118	0.856148492
199	8	118	0.85645933
78	306	960	0.975460123
78	385	960	0.97515528
78	960	960	0.968992248
78	1298	960	0.981481481
910	960	960	0.954022989
910	601	960	0.9609375
910	385	960	1.0
910	1298	960	1.0
2255	960	960	0.947674419
2255	385	960	1.0
910	306	960	1.0
2255	306	960	1.0
2255	601	960	0.944444444
1699	1298	960	0.97515528
1699	306	960	0.969135802
1699	385	960	0.96875
1699	960	960	0.96124031
1654	2255	535	0.48019802
535	2255	535	0.473429952
535	910	535	0.467980296
1654	910	535	0.472081218
2255	1298	960	1.0
384	1317	733	1.0
384	2303	733	1.0
1865	2303	733	1.0
1865	1317	733	1.0
1183	341	341	1.0
1183	582	341	0.938271605
140	341	341	1.0
140	582	341	0.926829268
2528	341	341	1.0
1485	341	341	1.0
665	1013	314	0.765913758
2179	1998	314	0.477941176
1508	1998	314	0.495626822
163	653	314	0.47826087
834	653	314	0.479185939
2179	1793	314	0.479890311
1508	1793	314	0.501452081
834	1793	314	0.481583794
2179	2232	314	0.482394366
163	887	314	0.480701754
834	887	314	0.482789056
2179	2358	314	0.491891892
163	1793	314	0.480144404
1508	2358	314	0.516587678
834	1013	314	0.492766727
2179	2094	314	0.495882891
163	2094	314	0.495437956
163	1013	314	0.490161002
834	2094	314	0.497700092
2179	1888	314	0.484288355
1508	2094	314	0.522661524
1508	1888	314	0.503414634
163	1888	314	0.487202925
834	1888	314	0.487962963
2179	1561	314	0.499080882
1508	1561	314	0.520153551
163	1561	314	0.49680948
1508	2232	314	0.50693802
834	665	314	0.484581498
834	1561	314	0.5
834	71	314	0.487804878
2179	665	314	0.485940246
1508	665	314	0.508302583
163	665	314	0.484210526
834	314	314	0.495934959
2356	1968	485	1.0
1766	1968	485	0.327868852
485	1968	485	1.0
1164	1968	485	0.312030075
163	314	314	0.490196078
163	71	314	0.48574057
2179	314	314	0.489266547
2179	71	314	0.487012987
1508	71	314	0.501469148
1508	314	314	0.516068053
1164	623	485	0.312030075
485	623	485	1.0
2356	623	485	1.0
1766	623	485	0.327868852
2350	2522	512	1.0
334	1177	512	1.0
334	2641	512	1.0
2350	2641	512	1.0
334	462	512	1.0
2350	462	512	1.0
334	589	512	1.0
2350	1145	512	1.0
2350	589	512	1.0
78	385	306	1.0
78	960	306	1.0
78	1298	306	1.0
910	960	306	1.0
910	385	306	1.0
910	306	306	1.0
910	1298	306	1.0
910	601	306	0.99122807
1699	385	306	1.0
1699	306	306	1.0
78	306	306	1.0
1699	1298	306	1.0
2255	960	306	1.0
2255	385	306	1.0
2255	306	306	1.0
2255	1298	306	1.0
2255	601	306	0.981818182
421	960	1255	1.0
1606	1380	1255	1.0
948	1380	1255	1.0
1699	960	306	1.0
1606	1092	1255	1.0
948	1092	1255	1.0
2255	282	1255	1.0
910	282	1255	1.0
948	1298	1255	1.0
948	601	1255	1.0
2441	902	306	0.392344498
948	385	1255	1.0
910	346	1255	1.0
910	1	1255	1.0
910	1255	1255	1.0
910	56	1255	1.0
1606	1298	1255	1.0
948	306	1255	1.0
1606	601	1255	1.0
1606	385	1255	1.0
2255	346	1255	1.0
2255	1255	1255	1.0
2255	1	1255	1.0
2255	56	1255	1.0
1606	306	1255	1.0
2314	2314	969	0.529186603
969	969	969	0.507352941
2509	960	1255	1.0
2314	969	969	0.527462121
969	969	969	0.522232734
1980	1672	52	0.344413296
1079	327	52	0.346355215
85	858	52	0.323288395
85	376	52	0.315564496
845	49	52	0.39617578
2131	858	52	0.32597266
1314	1023	1023	1.0
2659	1023	1023	1.0
2255	52	52	0.395324942
910	52	52	0.402113739
1980	1721	52	0.334010978
910	316	52	0.396877361
1079	229	52	0.351522583
1079	858	52	0.336479278
1079	49	52	0.358658115
1079	376	52	0.337041615
910	845	845	0.354197349
910	1291	845	0.361812779
1980	229	52	0.347473107
2636	49	52	0.391130377
1980	49	52	0.358262967
2255	845	845	0.344903988
1980	858	52	0.332928803
1317	733	520	0.648586707
2303	2078	520	0.675427618
78	306	601	0.889705882
2303	222	520	0.682716049
78	960	601	0.889705882
78	1298	601	0.983739837
78	385	601	0.888059701
910	960	601	0.969465649
910	601	601	0.984375
910	306	601	0.983870968
910	385	601	0.983870968
1699	960	601	0.899280576
2255	960	601	0.984126984
1699	1298	601	0.9765625
1699	306	601	0.899280576
2255	385	601	0.991666667
2255	306	601	0.991525424
2255	1298	601	0.99137931
910	1298	601	0.983606557
2255	601	601	0.983606557
1317	222	520	0.657057282
1699	385	601	0.897810219
853	1263	520	0.339005525
853	368	520	0.344645218
2220	368	520	0.351693989
2528	2528	1183	1.0
1485	2528	1183	1.0
1183	1183	1183	1.0
140	2528	1183	1.0
1485	1485	1183	1.0
140	140	1183	1.0
1183	140	1183	1.0
1183	1183	1183	1.0
1183	140	1183	1.0
2528	1183	1183	1.0
1485	1183	1183	1.0
140	1183	1183	1.0
140	140	1183	1.0
1485	140	1183	1.0
2528	140	1183	1.0
1964	1485	329	0.918918919
329	1485	329	1.0
1964	2528	329	0.916299559
329	2528	329	1.0
1964	1183	329	0.916299559
329	1183	329	1.0
78	306	385	1.0
78	960	385	1.0
78	1298	385	1.0
78	385	385	1.0
1964	140	329	0.918918919
329	140	329	1.0
910	960	385	1.0
910	306	385	1.0
910	385	385	1.0
910	1298	385	1.0
910	601	385	0.99137931
2255	601	385	0.98245614
1699	306	385	1.0
1699	960	385	1.0
1699	1298	385	1.0
1699	385	385	1.0
2255	960	385	1.0
2255	385	385	1.0
2255	1298	385	1.0
2255	306	385	1.0
910	535	309	0.487684729
2255	1880	309	0.453703704
2255	309	309	0.473429952
910	309	309	0.505050505
2441	902	385	0.405
858	327	229	0.786259542
2255	1838	73	0.909090909
910	1838	73	0.907407407
2255	2509	73	0.415254237
910	73	73	0.9
910	1164	73	0.422413793
910	421	73	0.39055794
2255	73	73	0.892857143
2255	421	73	0.385281385
627	2255	627	0.778409091
627	910	627	0.763736264
259	665	467	0.794326241
259	167	467	0.795774648
259	887	467	0.788321168
140	619	619	1.0
140	329	619	0.908685969
1183	619	619	1.0
1183	329	619	0.916299559
2539	2138	629	0.954545455
723	2138	629	0.934782609
1485	619	619	1.0
2373	1968	859	0.854014599
723	734	629	0.933333333
859	623	859	1.0
2373	623	859	0.854014599
859	623	859	1.0
2539	734	629	0.943820225
910	1215	1215	1.0
2255	1215	1215	1.0
1430	2255	786	0.444444444
786	2255	786	0.423943662
2528	619	619	1.0
1430	910	786	0.423929099
786	910	786	0.405479452
2528	1674	619	0.916299559
838	960	1203	1.0
445	1380	1203	1.0
445	385	1203	1.0
445	306	1203	1.0
445	601	1203	1.0
445	1298	1203	1.0
445	1092	1203	1.0
1111	495	1014	0.842613898
1968	1830	1011	1.0
623	485	1011	1.0
1968	2509	1011	0.321755027
623	1164	1011	0.321755027
421	1164	1011	0.33271719
623	1011	1011	1.0
623	421	1011	0.332142857
1968	1011	1011	1.0
1968	421	1011	0.332142857
2179	2179	834	0.357142857
1508	2179	834	0.356
163	2179	834	0.357692308
834	834	834	0.35
2179	1508	834	0.361538462
1508	1508	834	0.362549801
163	163	834	0.369047619
834	163	834	0.35
834	834	834	0.353383459
834	163	834	0.356
163	163	834	0.370517928
163	834	834	0.365384615
2179	834	834	0.352713178
1508	834	834	0.36
1998	1659	834	0.315018315
1793	1659	834	0.318518519
1888	1659	834	0.314814815
2232	1659	834	0.311111111
2358	1659	834	0.323275862
1561	1659	834	0.336363636
2094	1659	834	0.331838565
71	314	834	0.315018315
314	314	834	0.323275862
665	1659	834	0.309090909
1793	1416	834	0.30239521
2358	1416	834	0.30449827
2094	1416	834	0.31294964
1561	1416	834	0.307116105
314	1416	834	0.30449827
1793	2010	834	0.300595238
2094	2010	834	0.307142857
1561	2010	834	0.310218978
665	1013	834	0.311594203
665	749	834	0.320754717
665	216	834	0.328063241
1793	543	834	0.301204819
2358	543	834	0.305263158
2094	543	834	0.310469314
1561	543	834	0.309701493
314	543	834	0.304195804
1793	653	834	0.301204819
2358	653	834	0.303448276
2094	653	834	0.31294964
1561	653	834	0.309701493
314	653	834	0.303448276
1888	216	834	0.337398374
2358	216	834	0.341121495
1998	216	834	0.336065574
2232	216	834	0.326771654
2094	216	834	0.358208955
1561	216	834	0.358208955
314	216	834	0.337962963
71	216	834	0.331967213
1793	749	834	0.332046332
1888	749	834	0.323193916
1998	749	834	0.325670498
2232	749	834	0.324427481
1561	749	834	0.352657005
2094	749	834	0.344339623
71	749	834	0.326996198
1793	216	834	0.33877551
2358	749	834	0.336363636
1561	887	834	0.310218978
314	749	834	0.333333333
314	887	834	0.300699301
2094	887	834	0.310469314
1888	1013	834	0.319702602
1998	1013	834	0.316176471
2232	1013	834	0.311355311
2358	1013	834	0.320512821
2094	1013	834	0.331838565
71	1013	834	0.318681319
314	1013	834	0.320512821
1888	448	834	0.3003003
1793	448	834	0.302469136
2179	163	834	0.368
2094	448	834	0.316363636
1508	163	834	0.365145228
1793	1013	834	0.323420074
314	448	834	0.306620209
71	448	834	0.301492537
2662	520	222	1.0
958	520	222	1.0
1561	448	834	0.314606742
958	384	222	1.0
1561	1013	834	0.336363636
2662	1729	222	1.0
2358	448	834	0.307692308
421	1699	948	0.751842752
2509	1699	948	0.759124088
2255	1606	948	1.0
910	1606	948	1.0
1606	2111	948	0.739361702
948	2111	948	0.739784946
2509	1440	948	0.858461538
577	1158	948	1.0
421	1164	948	0.418353576
2509	2509	948	0.414666667
421	1440	948	0.845679012
488	2101	948	1.0
488	1158	948	1.0
577	2101	948	1.0
976	2101	948	1.0
948	766	948	0.866498741
832	1158	948	1.0
832	2101	948	1.0
910	948	948	1.0
421	78	948	0.74025974
421	981	948	0.847560976
421	233	948	0.923875433
421	1123	948	0.879365079
514	2101	948	1.0
976	1158	948	1.0
421	421	948	0.364583333
514	1158	948	1.0
1606	766	948	0.874213836
421	2361	948	1.0
2509	2361	948	1.0
2255	948	948	1.0
1177	1005	868	1.0
2509	233	948	0.928813559
2509	1123	948	0.884735202
1177	1679	868	1.0
2509	981	948	0.860182371
1807	1005	868	1.0
2509	545	948	1.0
2490	1005	868	1.0
1296	1005	868	1.0
1296	334	868	1.0
1934	1005	868	1.0
2509	421	948	0.361290323
2509	78	948	0.752525253
1682	1682	337	0.694444444
337	337	337	0.694444444
337	337	337	0.694444444
1682	337	337	0.694444444
926	1157	1104	0.315963606
1968	1968	623	1.0
623	623	623	1.0
623	623	623	1.0
1147	1147	623	1.0
1968	623	623	1.0
1830	485	623	0.359701493
1525	180	623	1.0
1822	1822	477	0.563011457
2314	1822	477	0.481781377
969	477	477	0.484787018
477	477	477	0.56792144
969	477	477	0.473372781
477	477	477	0.561688312
2314	477	477	0.472332016
1822	477	477	0.543307087
1177	1122	1177	0.303464755
1177	2467	1177	0.301190476
1939	2114	622	0.301535088
2506	1583	622	0.311011236
1747	1667	622	0.765020027
714	1034	622	0.310416667
322	322	622	0.765251989
714	714	622	0.307932542
769	594	622	0.301535088
97	1314	97	1.0
97	1314	97	1.0
1939	594	622	0.305392732
2379	2059	622	0.313194444
322	402	622	0.763684913
2506	1161	622	0.325238095
1747	402	622	0.759036145
622	622	622	0.638932496
238	1161	622	0.308314607
622	622	622	0.639937107
1853	1749	1213	0.85380117
565	1749	1213	0.869047619
1967	1967	622	0.638932496
1853	247	1213	0.85380117
565	247	1213	0.869047619
1967	622	622	0.636932707
1316	2101	445	1.0
838	2509	445	0.518987342
838	1699	445	1.0
838	1440	445	1.0
2509	2509	445	0.350819672
2604	1491	445	0.5
248	1491	445	0.5
838	78	445	1.0
838	233	445	1.0
838	421	445	0.481012658
838	545	445	1.0
2509	1699	445	0.875
838	1123	445	1.0
838	981	445	1.0
838	2361	445	1.0
421	1164	445	0.347079038
445	2111	445	1.0
1316	1243	445	1.0
1316	1158	445	1.0
445	766	445	1.0
2509	2111	445	0.980952381
421	2111	445	0.980582524
421	766	445	0.990196078
421	233	445	1.0
248	1035	445	0.5
2509	2361	445	1.0
2509	766	445	0.990384615
2604	1035	445	0.5
933	1766	933	0.823170732
2509	1123	445	1.0
2509	545	445	1.0
933	1164	933	0.824925816
2509	233	445	1.0
1207	1183	1207	1.0
42	1053	933	0.747440273
1641	2528	1207	0.827895074
1207	140	1207	1.0
118	1244	793	0.888361045
1641	1485	1207	0.826170622
2029	1053	933	0.747440273
1207	140	1207	1.0
1641	140	1207	0.826170622
1641	1183	1207	0.827895074
199	1244	793	0.887290168
199	734	793	0.889423077
1207	1183	1207	1.0
2213	1934	334	1.0
512	1934	334	1.0
2213	1807	334	1.0
512	1807	334	1.0
2213	1177	334	1.0
512	1177	334	1.0
2213	1296	334	1.0
512	1296	334	1.0
334	1122	334	1.0
2350	1122	334	1.0
334	2467	334	1.0
2350	2467	334	1.0
933	53	42	0.865560166
387	163	381	0.758679959
192	163	381	0.759615385
387	163	381	0.757378174
387	887	381	0.815587267
381	163	381	0.755060034
381	163	381	0.754542338
387	246	381	0.811422414
192	1508	381	0.757793765
1591	1508	381	0.754885156
887	1508	381	0.758561052
140	479	479	1.0
421	1380	479	0.986666667
421	1092	479	0.987341772
140	188	479	1.0
2509	1380	479	0.987012987
1183	479	479	1.0
1485	479	479	1.0
1183	188	479	1.0
2528	188	479	1.0
1485	188	479	1.0
1133	799	778	0.816326531
665	799	778	0.825174825
726	799	778	0.804347826
2509	1092	479	0.987654321
665	887	778	0.824817518
726	665	778	0.807407407
2010	163	381	0.760485269
1133	993	778	0.791946309
726	178	778	0.808823529
1591	163	381	0.757815184
467	167	1330	0.833333333
2528	479	479	1.0
259	167	1330	0.84137931
1133	665	778	0.815602837
467	665	1330	0.841726619
467	887	1330	0.830882353
887	163	381	0.76022176
520	733	1317	1.0
520	222	1317	1.0
2010	1508	381	0.756485645
1729	1567	1317	1.0
1729	733	1317	1.0
259	887	1330	0.828571429
259	665	1330	0.840277778
838	960	188	0.984790875
421	1092	188	0.994413408
421	601	188	0.84939759
421	385	188	0.837423313
421	306	188	0.832317073
421	1298	188	0.832317073
140	188	188	1.0
140	637	188	0.992031873
1183	188	188	1.0
1183	637	188	0.991869919
2509	1092	188	1.0
421	1380	188	0.994350282
2509	1380	188	1.0
1485	188	188	1.0
2528	188	188	1.0
1485	637	188	0.992031873
2528	637	188	0.991869919
2509	960	188	0.738872404
2509	601	188	0.834337349
2509	385	188	0.817629179
2509	306	188	0.817629179
2509	1298	188	0.815151515
1183	700	700	1.0
1291	52	858	0.301421801
140	700	700	1.0
2528	700	700	1.0
1485	700	700	1.0
880	1244	8	0.861502347
877	1244	8	0.856132075
880	793	8	0.863636364
1567	2662	384	0.643448795
733	2662	384	0.637725701
733	958	384	0.671024884
993	778	799	0.862318841
1567	958	384	0.676923077
993	665	799	0.851351351
178	665	799	0.835616438
993	887	178	0.81884058
1263	875	384	0.341010733
803	623	803	1.0
803	623	803	1.0
1713	2198	384	0.339706536
1263	2198	384	0.334746708
1713	875	384	0.347778267
1508	1537	665	0.758762887
163	192	665	0.757201646
1508	246	665	0.757992437
163	246	665	0.755319149
1508	1732	665	0.758347676
163	1732	665	0.757731959
1508	1726	665	0.758525663
163	1726	665	0.757575758
1485	1485	140	1.0
2528	1485	140	1.0
140	140	140	1.0
2528	2528	140	1.0
1183	1183	140	1.0
140	2528	140	1.0
1183	140	140	1.0
1508	665	665	0.66689327
163	665	665	0.654016866
140	140	140	1.0
140	1183	140	1.0
1183	140	140	1.0
1183	1183	140	1.0
1485	140	140	1.0
2528	140	140	1.0
1485	1183	140	1.0
2528	1183	140	1.0
163	887	665	0.659161837
965	623	965	1.0
965	1968	965	1.0
1766	1968	965	0.611464968
2356	1968	965	0.59375
1382	1968	965	1.0
803	623	965	1.0
485	1968	965	0.628205128
1382	623	965	1.0
485	623	965	0.628205128
803	623	965	1.0
2356	623	965	0.59375
1766	623	965	0.611464968
53	1298	946	0.980392157
53	306	946	0.980555556
53	385	946	0.980337079
53	601	946	0.98028169
53	1380	946	0.835051546
53	1092	946	0.832474227
910	536	536	0.577777778
2255	536	536	0.580278129
2096	902	946	0.948717949
1226	902	946	0.955555556
2403	1485	104	0.900267738
104	1485	104	1.0
2403	2528	104	0.904347826
104	2528	104	1.0
2403	1183	104	0.904347826
104	1183	104	1.0
1291	444	1105	0.788617886
2403	140	104	0.900267738
104	140	104	1.0
1291	390	1105	0.79338843
786	444	1105	0.780487805
786	390	1105	0.779661017
1430	444	1105	0.754901961
635	444	1105	0.782945736
635	390	1105	0.782945736
2190	444	1105	0.788617886
2424	444	1105	0.782945736
2424	1735	1105	0.782945736
1801	1488	631	0.308823529
631	1488	631	0.326923077
631	1122	631	0.344954128
631	143	631	0.330490405
631	2467	631	0.340659341
1801	2467	631	0.32155477
1801	143	631	0.313684211
1801	1122	631	0.330357143
421	601	637	0.838187702
421	306	637	0.836065574
140	637	637	1.0
140	188	637	0.992031873
838	960	637	0.995983936
421	1380	637	0.994011976
1183	637	637	1.0
1183	188	637	0.991869919
2509	1380	637	0.994011976
2509	1092	637	0.994065282
421	1092	637	0.994065282
2509	960	637	0.740740741
1485	188	637	0.992031873
421	1298	637	0.835526316
421	385	637	0.852842809
2509	601	637	0.83171521
2509	385	637	0.837209302
1485	637	637	1.0
2509	306	637	0.828947368
2528	188	637	0.991869919
2528	637	637	1.0
2509	1298	637	0.826229508
845	1105	444	0.667582418
845	2435	444	0.687315634
910	444	444	0.698039216
910	390	444	0.692307692
1079	1105	444	0.672043011
1079	2435	444	0.668493151
2131	1105	444	0.656976744
2255	444	444	0.703557312
2636	1105	444	0.676880223
1980	1105	444	0.665782493
85	2435	444	0.660766962
85	1105	444	0.657817109
665	887	938	0.813186813
2528	1449	1058	0.89893617
1485	1449	1058	0.897863818
1183	104	1058	0.89893617
1183	1058	1058	1.0
140	1058	1058	1.0
2528	1058	1058	1.0
1157	1485	1157	1.0
1157	1183	1157	1.0
1485	1058	1058	1.0
1157	140	1157	1.0
1157	2528	1157	1.0
140	104	1058	0.897863818
1752	2240	579	0.386376326
607	2240	579	0.347702779
545	2059	579	0.390697674
607	537	579	0.379151763
2361	2059	579	0.407222222
1699	2059	579	0.401190476
1440	2059	579	0.39702381
2684	2059	579	0.385625
981	2059	579	0.389534884
233	714	579	0.416860465
2509	2059	579	0.419318182
1123	2059	579	0.4125
78	714	579	0.392567568
910	579	579	0.536823936
421	2059	579	0.425641026
910	2618	579	0.539526832
2361	1034	579	0.363580247
1752	537	579	0.414536341
1183	248	248	1.0
2255	579	579	0.508224617
140	248	248	1.0
2528	248	248	1.0
1485	248	248	1.0
2509	1034	579	0.375
233	1034	579	0.370801034
421	385	360	0.933054393
421	1092	360	0.9921875
421	306	360	0.933054393
579	1967	579	0.502564103
140	360	360	1.0
140	188	360	1.0
421	1298	360	0.928870293
421	1380	360	0.992125984
421	601	360	0.929752066
838	960	360	0.995391705
2618	622	579	0.504703669
2509	1092	360	0.996240602
2509	1380	360	0.996212121
1183	360	360	1.0
1183	188	360	1.0
1183	637	360	0.995024876
140	637	360	0.994949495
2509	601	360	0.92
2509	385	360	0.91902834
2618	1967	579	0.504453821
2509	1298	360	0.915322581
1485	188	360	1.0
2528	360	360	1.0
2528	188	360	1.0
2528	637	360	0.995024876
2509	960	360	0.853658537
1485	360	360	1.0
421	960	360	0.866666667
579	622	579	0.502568893
748	1298	902	0.961646399
748	385	902	0.959586466
748	601	902	0.967711301
748	1092	902	0.660228898
748	35	902	0.660228898
751	946	902	0.97564688
2509	306	360	0.922764228
1485	637	360	0.994949495
1096	1298	902	0.953161593
748	306	902	0.961538462
1096	306	902	0.953161593
2571	946	902	0.978227061
1096	385	902	0.953161593
1096	1092	902	0.453850676
624	875	853	0.848135229
1096	601	902	0.952996475
1096	35	902	0.456725146
877	880	734	0.870588235
880	1244	734	0.865707434
877	1244	734	0.868105516
877	793	734	0.873271889
376	1430	316	0.316950853
1394	2190	316	0.405233143
1397	2255	316	0.396590624
316	2255	316	0.395080321
2203	1430	316	0.326127076
2203	786	316	0.327549947
376	786	316	0.316471468
1574	2424	316	0.349683221
327	2424	316	0.344341522
2203	2424	316	0.335453426
1397	910	316	0.393644285
376	2424	316	0.334569427
1394	1291	316	0.401467156
327	635	316	0.342611133
1394	2424	316	0.357918106
376	635	316	0.331368164
1574	635	316	0.347067181
1394	635	316	0.357539204
316	910	316	0.390268886
838	960	318	1.0
445	1380	318	1.0
445	1092	318	1.0
445	601	318	1.0
2203	635	316	0.33131068
445	1298	318	1.0
445	306	318	1.0
799	887	993	0.860294118
178	887	993	0.84962406
445	385	318	1.0
421	960	282	1.0
1770	1164	583	0.320540936
583	1164	583	0.443544304
1770	1766	583	0.321562735
1606	1380	282	1.0
948	1380	282	1.0
2255	282	282	1.0
910	282	282	1.0
1606	1092	282	1.0
948	1092	282	1.0
948	1298	282	1.0
948	306	282	1.0
948	601	282	1.0
948	385	282	1.0
910	346	282	1.0
910	1255	282	1.0
910	1	282	1.0
910	56	282	1.0
2509	960	282	1.0
1606	1298	282	1.0
1606	306	282	1.0
1606	601	282	1.0
583	1766	583	0.443051202
1606	385	282	1.0
2255	56	282	1.0
2255	1	282	1.0
2255	1255	282	1.0
2255	346	282	1.0
2467	1976	456	0.318681319
1488	1976	456	0.306866953
1122	631	456	0.319343066
143	631	456	0.303609342
2467	456	456	0.311827957
1122	456	456	0.309058615
140	1316	1316	1.0
1183	1316	1316	1.0
1485	1316	1316	1.0
2078	1865	958	1.0
2528	1316	1316	1.0
222	1865	958	1.0
222	384	958	1.0
2078	384	958	1.0
623	2204	1028	0.8125
1968	1028	1028	1.0
623	1028	1028	1.0
1686	1485	582	0.974358974
582	1485	582	1.0
1686	2528	582	0.962025316
582	2528	582	1.0
1686	140	582	0.974358974
582	140	582	1.0
582	1183	582	1.0
1686	1183	582	0.962025316
1194	1186	864	0.481283422
2068	1186	864	0.446808511
421	960	56	1.0
948	1298	56	1.0
948	306	56	1.0
948	601	56	1.0
948	1092	56	1.0
948	385	56	1.0
948	1380	56	1.0
910	346	56	1.0
910	282	56	1.0
910	1	56	1.0
910	1255	56	1.0
910	56	56	1.0
1606	1380	56	1.0
1606	1092	56	1.0
2509	960	56	1.0
2255	346	56	1.0
1606	1298	56	1.0
1606	306	56	1.0
1606	601	56	1.0
1606	385	56	1.0
2255	282	56	1.0
2255	1	56	1.0
2255	1255	56	1.0
2255	56	56	1.0
1350	2255	826	0.64160401
826	2255	826	0.619804401
1350	910	826	0.629766298
826	910	826	0.610640871
2235	1375	792	0.406818182
792	30	792	0.42823804
2235	30	792	0.391451069
792	30	792	0.413551402
926	2528	926	1.0
926	1485	926	1.0
926	140	926	1.0
926	1183	926	1.0
948	1298	346	1.0
948	306	346	1.0
948	601	346	1.0
948	1092	346	1.0
948	1380	346	1.0
910	346	346	1.0
910	282	346	1.0
910	1	346	1.0
910	1255	346	1.0
910	56	346	1.0
948	385	346	1.0
1606	1092	346	1.0
421	960	346	1.0
1606	1380	346	1.0
2255	282	346	1.0
1606	1298	346	1.0
1606	306	346	1.0
2509	960	346	1.0
1606	601	346	1.0
1606	385	346	1.0
1339	421	95	0.913580247
2255	346	346	1.0
2255	1	346	1.0
2255	56	346	1.0
2255	1255	346	1.0
1339	1164	95	0.920454545
354	910	95	0.783018868
354	910	95	0.761061947
1339	910	95	0.831578947
1339	910	95	0.848484848
2326	910	95	0.861386139
2468	910	95	0.84375
1423	910	95	0.775510204
95	910	95	0.852941176
1766	910	95	0.429319372
1164	910	95	0.432160804
1164	2255	95	0.448780488
95	910	95	0.867924528
1766	2255	95	0.437810945
2468	2255	95	0.858585859
1578	2255	95	0.835294118
140	242	242	1.0
140	814	242	0.818079096
1485	242	242	1.0
2528	242	242	1.0
1183	242	242	1.0
1183	814	242	0.823431427
192	163	887	0.761822575
192	1508	887	0.760248019
387	163	887	0.761147598
1591	1508	887	0.759310345
387	163	887	0.758632597
887	1508	887	0.652617569
2010	1508	887	0.654902837
381	163	887	0.759598755
421	1164	1123	0.601321586
1591	163	887	0.762003454
381	163	887	0.760207612
887	163	887	0.664704551
2010	163	887	0.667958951
1044	421	838	0.391259105
1183	838	838	1.0
140	838	838	1.0
1485	838	838	1.0
2528	838	838	1.0
748	2111	748	0.518388106
748	766	748	0.980029586
751	53	748	0.411614731
543	653	448	0.854085603
1416	2179	448	0.422597212
2010	2179	448	0.406380028
1659	2179	448	0.463414634
887	2179	448	0.408870409
448	834	448	0.411974341
2571	53	748	0.417517007
543	834	448	0.417510854
653	2179	448	0.412870571
216	834	448	0.472375691
749	834	448	0.470101196
1013	2179	448	0.462025316
1416	1508	448	0.416966211
1659	1508	448	0.454545455
2010	1508	448	0.401927047
448	163	448	0.406162465
653	1508	448	0.406184118
887	1508	448	0.404810997
543	163	448	0.409672831
1013	1508	448	0.45706619
216	163	448	0.464904284
749	163	448	0.46350365
448	834	448	0.407829181
448	163	448	0.427815571
543	834	448	0.412572254
543	163	448	0.43404908
653	834	448	0.406294707
653	163	448	0.429112964
1013	834	448	0.461261261
1013	163	448	0.483412322
749	834	448	0.466605672
1416	834	448	0.417454545
1659	834	448	0.45706619
2010	834	448	0.408304498
749	163	448	0.489874638
216	834	448	0.46875
1416	163	448	0.43990755
887	834	448	0.409688581
1659	163	448	0.479206049
2010	163	448	0.426061493
216	163	448	0.489443378
887	163	448	0.425858291
421	960	1	1.0
948	1298	1	1.0
948	306	1	1.0
948	601	1	1.0
948	1092	1	1.0
948	385	1	1.0
948	1380	1	1.0
910	56	1	1.0
910	1	1	1.0
910	346	1	1.0
910	282	1	1.0
1606	1380	1	1.0
910	1255	1	1.0
1606	385	1	1.0
1606	1092	1	1.0
2255	282	1	1.0
1606	1298	1	1.0
1606	306	1	1.0
1606	601	1	1.0
2255	1	1	1.0
2255	56	1	1.0
2509	960	1	1.0
2255	1255	1	1.0
2255	346	1	1.0
2147	2096	353	0.558823529
60	2096	353	0.57037037
60	1226	353	0.566433566
2147	1226	353	0.572463768
2450	1430	390	0.673652695
1090	85	390	0.672672673
2450	2190	390	0.673024523
1090	845	390	0.68914956
1789	2255	390	0.68627451
390	2255	390	0.670634921
2450	2424	390	0.681940701
1090	1079	390	0.681318681
1789	910	390	0.683397683
390	910	390	0.668
2450	786	390	0.668621701
1090	786	390	0.669590643
2450	1291	390	0.688385269
1090	1291	390	0.69760479
2450	635	390	0.680107527
1090	635	390	0.676712329
665	1330	167	0.836734694
665	887	167	0.827338129
1296	589	1201	0.460567823
2111	2293	261	0.874213836
766	948	261	0.739361702
2293	2255	261	1.0
261	910	261	1.0
2468	1766	261	0.891089109
1423	1766	261	0.730978261
1766	1766	261	0.353096179
2326	1766	261	0.854368932
1578	1766	261	0.921146953
354	421	261	0.746898263
1164	1766	261	0.407660739
95	421	261	0.854368932
1016	421	261	1.0
2503	1922	261	1.0
756	577	261	1.0
2503	2321	261	1.0
756	976	261	1.0
2503	2177	261	1.0
756	832	261	1.0
2503	1833	261	1.0
756	488	261	1.0
2503	1859	261	1.0
756	514	261	1.0
261	910	261	1.0
354	1164	261	0.756218905
95	1164	261	0.862745098
766	261	261	0.746666667
2111	261	261	0.875
1016	1164	261	1.0
2293	910	261	1.0
2468	1164	261	0.892156863
1423	1164	261	0.747340426
2326	1164	261	0.864516129
1578	1164	261	0.925795053
1890	1164	261	1.0
1164	1164	261	0.410714286
1766	1164	261	0.353174603
814	2528	814	1.0
1587	2528	814	0.809939924
1587	1485	814	0.808486879
814	1485	814	1.0
1587	1183	814	0.809939924
814	1183	814	1.0
1587	140	814	0.808486879
814	140	814	1.0
910	1079	1079	0.418941504
910	635	1079	0.423814898
548	1079	1079	0.382261087
2255	1079	1079	0.40349918
548	635	1079	0.380149813
78	306	1298	1.0
78	960	1298	1.0
78	1298	1298	1.0
78	385	1298	1.0
910	960	1298	1.0
910	385	1298	1.0
910	306	1298	1.0
910	1298	1298	1.0
910	601	1298	0.99122807
1699	385	1298	1.0
1893	1079	1079	0.389134555
2255	385	1298	1.0
2255	960	1298	1.0
2255	306	1298	1.0
2255	1298	1298	1.0
2255	601	1298	0.981818182
1699	1298	1298	1.0
1157	2271	225	0.310173697
2441	902	1298	0.389423077
1699	960	1298	1.0
1699	306	1298	1.0
793	8	1244	0.865740741
1638	1667	537	0.617391304
458	322	537	0.621621622
2167	2114	537	0.853658537
47	769	537	0.853658537
2240	1967	537	0.838983051
537	622	537	0.818181818
2167	594	537	0.871794872
47	594	537	0.871794872
2240	622	537	0.831932773
1638	402	537	0.634782609
458	402	537	0.616071429
2041	1034	537	0.420289855
407	579	537	0.567375887
407	1273	537	0.567375887
1952	579	537	0.585526316
811	1034	537	0.420289855
811	714	537	0.42
537	622	537	0.81147541
910	826	5	0.630354957
910	5	5	0.639447236
2255	5	5	0.624691358
216	543	1013	0.825396825
543	653	1013	0.692825112
421	583	425	0.460334593
216	448	1013	0.830287206
421	425	425	0.33086516
216	834	1013	0.537683824
216	163	1013	0.560460653
1659	1508	1013	0.526737968
216	163	1013	0.535095716
1013	1508	1013	0.527728086
1416	1508	1013	0.523459062
749	163	1013	0.53649635
2509	425	425	0.327881324
2010	1508	1013	0.521929825
749	448	1013	0.826558266
216	834	1013	0.539594843
653	1508	1013	0.519927536
448	163	1013	0.538238141
887	1508	1013	0.51754386
448	834	1013	0.521178637
543	834	1013	0.527777778
543	163	1013	0.521937843
1659	2179	1013	0.534778681
2010	2179	1013	0.524229075
1416	2179	1013	0.527204503
749	834	1013	0.540938362
887	2179	1013	0.520741395
653	2179	1013	0.523589269
653	834	1013	0.520220588
448	163	1013	0.518953069
543	834	1013	0.518484288
749	834	1013	0.537968893
1013	2179	1013	0.53164557
1659	163	1013	0.555765595
1013	834	1013	0.52972973
448	834	1013	0.517367459
653	163	1013	0.537414966
543	163	1013	0.540487805
749	163	1013	0.566055931
887	834	1013	0.519366197
887	163	1013	0.545790934
1013	163	1013	0.556398104
1001	134	1001	0.796130952
1001	1479	1001	0.797317437
1416	834	1013	0.520408163
381	246	387	0.82295082
2010	163	1013	0.54797048
2010	834	1013	0.523725835
1416	163	1013	0.537708129
1659	834	1013	0.526833631
887	163	387	0.76117851
387	163	387	0.755905512
387	163	387	0.757201646
381	163	387	0.75946318
381	163	387	0.758169935
1591	1508	387	0.758147513
402	1967	402	0.427385892
887	1508	387	0.761163032
192	1508	387	0.758313336
2010	1508	387	0.758644537
402	622	402	0.423553719
192	163	387	0.759876331
1667	622	402	0.436708861
1667	1967	402	0.433962264
2010	163	387	0.760568261
1591	163	387	0.761168385
877	793	880	0.872727273
2255	1440	981	0.863157895
910	1440	981	0.87254902
2255	1699	981	0.752380952
910	1699	981	0.745454545
2255	2684	981	0.818181818
2255	2509	981	0.429319372
2255	78	981	0.742268041
910	78	981	0.771428571
910	1164	981	0.444444444
910	2684	981	0.844444444
910	981	981	0.886597938
2255	981	981	0.861702128
2255	1123	981	0.822222222
910	1123	981	0.847826087
2255	421	981	0.420765027
1259	1485	1259	1.0
910	421	981	0.4375
1259	1183	1259	1.0
1259	140	1259	1.0
1259	2528	1259	1.0
1817	2211	472	0.35756654
1875	2211	472	0.334824996
866	530	472	0.341072858
866	472	472	0.349606767
866	530	472	0.34036479
472	2211	472	0.357885086
866	472	472	0.352480803
530	2211	472	0.334807328
1875	866	472	0.336768617
472	866	472	0.353629977
530	866	472	0.337790986
1817	866	472	0.355181024
2211	530	472	0.337668752
2211	472	472	0.349206349
1675	1348	472	0.583309679
3	3	472	0.590808416
880	1244	877	0.865882353
3	330	472	0.589270508
1675	330	472	0.581381902
880	793	877	0.866817156
2546	2685	143	0.37655136
1340	1340	143	0.375780166
2546	1934	143	0.301513468
1340	1934	143	0.304176462
1122	143	143	0.821755174
1340	1201	143	0.37853459
910	85	85	0.456556082
910	786	85	0.438253012
2255	85	85	0.431432974
2190	2255	1291	0.352724595
1291	2255	1291	0.355077835
2190	910	1291	0.340160936
1291	910	1291	0.340145985
1508	1537	246	0.760548885
163	192	246	0.758726899
665	192	246	0.817215728
1508	665	246	0.75934903
163	665	246	0.758811334
1508	246	246	0.757700205
163	246	246	0.756147541
1508	1726	246	0.759545924
163	1726	246	0.758336198
1508	1732	246	0.761691884
163	1732	246	0.759697906
163	887	246	0.760290557
1508	2232	246	0.762647263
887	163	192	0.779854621
887	1508	192	0.779122019
381	163	192	0.778274321
381	163	192	0.77766323
387	163	192	0.777319588
387	163	192	0.775566232
445	1380	668	1.0
838	960	668	1.0
1591	1508	192	0.775419377
2010	1508	192	0.775474957
445	385	668	1.0
192	1508	192	0.77337884
445	306	668	1.0
445	1092	668	1.0
445	1298	668	1.0
445	601	668	1.0
1591	163	192	0.777434842
2010	163	192	0.777508651
192	163	192	0.775230927
1789	1980	1090	0.801587302
390	1980	1090	0.801587302
1789	2636	1090	0.808333333
390	2636	1090	0.805084746
1789	2131	1090	0.8
390	2131	1090	0.791304348
1789	845	1090	0.808333333
390	845	1090	0.806722689
1789	1079	1090	0.801587302
390	1079	1090	0.801587302
390	85	1090	0.828282828
1789	85	1090	0.833333333
1535	1815	530	0.509509202
470	470	530	0.50463933
470	190	530	0.510899601
2061	2267	134	0.75
922	922	134	0.75
1479	1479	134	0.75
134	134	134	0.75
922	716	134	0.75
134	134	134	0.75
1479	134	134	0.75
2061	716	134	0.75
2346	1001	134	0.75
1535	190	530	0.513626162
53	2111	53	0.671637953
53	766	53	0.901622368
