30	890	890	0.408986175
30	2137	890	0.432818074
798	1284	26	1.0
800	766	800	1.0
800	2111	800	0.715277778
319	53	800	0.531413613
1586	53	800	0.53968254
1296	53	800	0.53030303
1934	53	800	0.528735632
793	734	199	0.850574713
118	880	199	0.858139535
448	71	653	0.823643411
543	71	653	0.822265625
216	543	653	0.825396825
448	543	653	0.826741996
1416	1508	653	0.408339324
1659	1508	653	0.435828877
216	163	653	0.443938013
749	163	653	0.442518248
1416	2179	653	0.413059428
1659	2179	653	0.443541102
448	834	653	0.400570207
1013	1508	653	0.437388193
543	834	653	0.40593343
749	834	653	0.449862006
653	163	653	0.421531463
1013	834	653	0.441441441
749	834	653	0.445562672
749	163	653	0.466730955
216	834	653	0.447610294
543	163	653	0.400426743
653	2179	653	0.40274765
1013	163	653	0.461611374
216	163	653	0.466410749
216	834	653	0.452117864
1013	2179	653	0.443037975
887	163	653	0.415631848
1416	834	653	0.409454545
543	163	653	0.424846626
1659	834	653	0.437388193
1659	163	653	0.458412098
448	163	653	0.41723356
543	834	653	0.403179191
1416	163	653	0.43220339
2010	163	653	0.415812592
467	887	259	0.794117647
623	54	54	1.0
1968	54	54	1.0
1177	1145	469	0.894117647
216	665	749	0.793172691
216	543	749	0.782493369
543	1013	749	0.786096257
1013	887	749	0.789699571
216	887	749	0.796645702
1416	1508	749	0.501862197
1659	1508	749	0.508137432
2010	1508	749	0.499556344
1013	1508	749	0.50907441
887	1508	749	0.503127793
749	163	749	0.509124088
543	163	749	0.506069094
448	163	749	0.499539171
653	1508	749	0.501387604
216	163	749	0.511478421
2010	2179	749	0.500444444
1659	2179	749	0.513242009
887	2179	749	0.504028648
1416	2179	749	0.505681818
1013	2179	749	0.510968921
543	834	749	0.509416196
448	834	749	0.501872659
216	834	749	0.514814815
749	834	749	0.513339466
216	448	749	0.790575916
216	653	749	0.78342246
216	71	749	0.791327913
653	2179	749	0.503292568
1013	834	749	0.510036496
216	163	749	0.536231884
1013	163	749	0.53698367
448	1013	749	0.796344648
448	834	749	0.502798507
448	163	749	0.522682446
653	1013	749	0.798913043
216	834	749	0.513413506
543	163	749	0.528827038
543	834	749	0.505660377
448	653	749	0.670353982
887	834	749	0.504480287
749	163	749	0.538090646
887	163	749	0.530573848
749	834	749	0.509606587
653	834	749	0.5
448	314	749	0.82122905
1659	163	749	0.536398467
2010	163	749	0.525629077
1416	163	749	0.523762376
653	163	749	0.521782178
1659	834	749	0.50634058
2010	834	749	0.502222222
1416	834	749	0.502347418
2571	1405	32	0.575342466
751	60	32	0.544827586
751	802	32	0.530612245
2531	723	166	0.439393939
2531	2539	166	0.470588235
462	512	1005	1.0
462	868	1005	1.0
589	512	1005	1.0
589	868	1005	1.0
2522	868	1005	1.0
2571	802	32	0.588652482
2641	868	1005	1.0
1122	334	1005	1.0
2467	1005	1005	1.0
1122	1005	1005	1.0
2467	1679	1005	1.0
1183	296	296	1.0
1183	2552	296	0.815889029
140	296	296	1.0
140	2552	296	0.823003195
1485	296	296	1.0
635	2255	635	0.42467311
2528	296	296	1.0
2424	2255	635	0.426404494
1291	1893	635	0.421828909
635	910	635	0.409475465
2424	910	635	0.411406423
2190	548	635	0.410071942
858	376	49	0.759223301
1967	1747	322	0.426470588
622	402	322	0.430672269
1967	322	322	0.439914163
622	322	322	0.44017094
778	799	1133	0.85106383
1592	1910	1045	0.85380117
404	565	1045	0.85380117
404	508	1045	0.837209302
1592	508	1045	0.837209302
1013	887	216	0.832618026
749	887	216	0.835164835
653	1013	216	0.837398374
543	1013	216	0.832
749	665	216	0.842217484
653	834	216	0.529795158
653	163	216	0.549753695
653	1508	216	0.530330882
653	2179	216	0.533208606
1659	1508	216	0.539509537
1416	1508	216	0.529193698
2010	1508	216	0.529777778
1013	1508	216	0.538878843
749	163	216	0.543040293
216	163	216	0.539653601
448	163	216	0.529304029
543	163	216	0.531307551
1013	834	216	0.540491356
448	163	216	0.551521099
1013	163	216	0.568421053
448	834	216	0.531657356
448	834	216	0.52962963
216	834	216	0.542279412
1659	2179	216	0.545955882
2010	2179	216	0.532142857
1416	2179	216	0.53490566
887	2179	216	0.534172662
749	834	216	0.545706371
1013	2179	216	0.541970803
216	163	216	0.56621881
543	834	216	0.53538175
1416	163	216	0.548323471
2010	163	216	0.558356676
749	163	216	0.572533849
887	163	216	0.560791706
543	163	216	0.55108055
1659	834	216	0.54007286
2010	834	216	0.532444444
216	834	216	0.544198895
887	1508	216	0.533572068
2079	2068	152	0.934782609
1416	834	216	0.530345472
793	1194	152	0.945054945
1659	163	216	0.569644573
793	723	152	0.945652174
749	834	216	0.543617998
2079	1194	152	0.935483871
543	834	216	0.531162791
714	1123	1273	0.41
714	1578	1273	0.408139535
887	834	216	0.533154122
1273	910	1273	0.528563185
714	421	1273	0.425
1882	407	1273	0.408521303
1273	910	1273	0.502857143
714	1164	1273	0.414204545
622	1273	1273	0.494139709
1924	2255	1273	0.527042578
1924	910	1273	0.496313103
622	579	1273	0.492307692
1967	1924	1273	0.492760392
1967	1273	1273	0.494825964
2179	1793	71	0.402158273
1508	1793	71	0.419724771
163	1793	71	0.401981599
834	1793	71	0.402588066
1508	1888	71	0.42901474
163	1888	71	0.405463695
834	1888	71	0.408759124
2179	2094	71	0.449222324
2179	1888	71	0.406135866
834	2094	71	0.452621895
163	2094	71	0.446167883
2179	1561	71	0.450367647
1508	1561	71	0.469289827
834	1561	71	0.454880295
1508	2094	71	0.468659595
163	1561	71	0.446672744
834	71	71	0.411592076
834	314	71	0.448683015
834	653	71	0.408460977
834	1013	71	0.447272727
163	314	71	0.441651706
163	653	71	0.405539773
2179	71	71	0.408
1508	71	71	0.429121726
163	71	71	0.409058231
1508	314	71	0.463368221
2179	1998	71	0.404193782
1508	2232	71	0.417767988
1508	1998	71	0.42791411
1508	665	71	0.414348463
1508	2358	71	0.466603053
163	1013	71	0.443243243
2179	314	71	0.442844284
1418	2255	493	0.923076923
493	910	493	0.928571429
493	910	493	0.920792079
1766	2255	493	0.400900901
1164	2255	493	0.432432432
1418	910	493	0.904761905
1164	910	493	0.425339367
448	653	543	0.836190476
448	1013	543	0.831168831
1416	2179	543	0.414885777
1659	2179	543	0.457952468
887	2179	543	0.405462185
2010	2179	543	0.401541696
543	834	543	0.406657019
448	834	543	0.402290623
653	2179	543	0.406681191
1013	2179	543	0.452813067
749	834	543	0.460757156
448	834	543	0.403433476
448	163	543	0.417173252
448	163	543	0.402112676
1659	1508	543	0.449954914
216	834	543	0.461325967
543	163	543	0.402560455
653	1508	543	0.402120141
887	1508	543	0.402777778
216	163	543	0.454876937
749	163	543	0.454212454
1013	834	543	0.452079566
1013	1508	543	0.447935368
216	834	543	0.458639706
216	163	543	0.477927063
1013	163	543	0.47338403
749	834	543	0.457300275
1416	1508	543	0.413593637
543	834	543	0.405346821
887	834	543	0.405027933
543	163	543	0.424079755
2010	834	543	0.404329609
1416	834	543	0.413011696
1659	834	543	0.452488688
653	163	543	0.422256098
1659	163	543	0.47519084
749	163	543	0.478723404
653	834	543	0.401869159
887	163	543	0.423303835
1416	163	543	0.43144849
2010	163	543	0.422025129
1183	341	341	1.0
1183	582	341	0.938271605
140	341	341	1.0
140	582	341	0.926829268
1485	341	341	1.0
2528	341	341	1.0
199	880	118	0.856148492
199	734	118	0.861244019
199	8	118	0.85645933
1238	887	810	0.8125
53	2278	684	0.875257308
78	385	306	1.0
78	306	306	1.0
78	960	306	1.0
78	1298	306	1.0
910	960	306	1.0
910	385	306	1.0
910	306	306	1.0
910	1298	306	1.0
910	601	306	0.99122807
1699	385	306	1.0
1699	306	306	1.0
1699	960	306	1.0
1699	1298	306	1.0
2255	960	306	1.0
2255	385	306	1.0
2255	306	306	1.0
2255	1298	306	1.0
2255	601	306	0.981818182
1865	2303	733	1.0
384	2303	733	1.0
384	1317	733	1.0
1865	1317	733	1.0
2179	1793	314	0.479890311
1508	1793	314	0.501452081
163	1793	314	0.480144404
834	1793	314	0.481583794
2179	2358	314	0.491891892
1508	2358	314	0.516587678
834	1013	314	0.492766727
2179	1998	314	0.477941176
665	1013	314	0.765913758
163	1013	314	0.490161002
1508	1998	314	0.495626822
163	653	314	0.47826087
2179	2232	314	0.482394366
1508	2232	314	0.50693802
834	887	314	0.482789056
163	887	314	0.480701754
2179	1888	314	0.484288355
1508	1888	314	0.503414634
163	1888	314	0.487202925
834	1888	314	0.487962963
1508	2094	314	0.522661524
2179	2094	314	0.495882891
163	2094	314	0.495437956
834	2094	314	0.497700092
2179	1561	314	0.499080882
1508	1561	314	0.520153551
163	1561	314	0.49680948
834	653	314	0.479185939
834	1561	314	0.5
2179	71	314	0.487012987
163	71	314	0.48574057
834	665	314	0.484581498
834	314	314	0.495934959
834	71	314	0.487804878
1508	71	314	0.501469148
2179	314	314	0.489266547
163	665	314	0.484210526
2179	665	314	0.485940246
163	314	314	0.490196078
969	969	969	0.522232734
969	969	969	0.507352941
1508	314	314	0.516068053
2314	2314	969	0.529186603
1508	665	314	0.508302583
2314	969	969	0.527462121
2356	1968	485	1.0
485	1968	485	1.0
485	623	485	1.0
2356	623	485	1.0
910	346	1255	1.0
910	282	1255	1.0
910	1	1255	1.0
910	1255	1255	1.0
910	56	1255	1.0
1606	1380	1255	1.0
948	1380	1255	1.0
948	1298	1255	1.0
948	306	1255	1.0
948	601	1255	1.0
948	1092	1255	1.0
948	385	1255	1.0
421	960	1255	1.0
2509	960	1255	1.0
2255	346	1255	1.0
1606	1092	1255	1.0
1606	1298	1255	1.0
1606	306	1255	1.0
1606	601	1255	1.0
1606	385	1255	1.0
1654	2255	535	0.48019802
535	2255	535	0.473429952
2255	282	1255	1.0
2255	1255	1255	1.0
2255	1	1255	1.0
1654	910	535	0.472081218
2255	56	1255	1.0
535	910	535	0.467980296
910	960	960	0.954022989
910	306	960	1.0
910	601	960	0.9609375
910	385	960	1.0
910	1298	960	1.0
78	306	960	0.975460123
78	1298	960	0.981481481
78	385	960	0.97515528
78	960	960	0.968992248
1699	306	960	0.969135802
1699	1298	960	0.97515528
1699	385	960	0.96875
1699	960	960	0.96124031
2255	960	960	0.947674419
2255	601	960	0.944444444
2255	306	960	1.0
2255	1298	960	1.0
1317	733	520	0.648586707
1317	222	520	0.657057282
2255	385	960	1.0
2303	222	520	0.682716049
2303	2078	520	0.675427618
910	52	52	0.402113739
1314	1023	1023	1.0
2659	1023	1023	1.0
910	960	385	1.0
910	385	385	1.0
910	1298	385	1.0
910	601	385	0.99137931
78	306	385	1.0
78	960	385	1.0
78	1298	385	1.0
78	385	385	1.0
1699	385	385	1.0
2255	385	385	1.0
910	306	385	1.0
1699	306	385	1.0
2255	601	385	0.98245614
2255	306	385	1.0
1699	960	385	1.0
1699	1298	385	1.0
2255	960	385	1.0
2255	1298	385	1.0
1485	1485	1183	1.0
2528	1485	1183	1.0
2441	902	385	0.405
140	140	1183	1.0
1183	140	1183	1.0
2528	2528	1183	1.0
1183	1183	1183	1.0
2528	1183	1183	1.0
1485	1183	1183	1.0
1183	1183	1183	1.0
140	1183	1183	1.0
1485	140	1183	1.0
2528	140	1183	1.0
140	140	1183	1.0
140	2528	1183	1.0
1183	140	1183	1.0
1964	2528	329	0.916299559
329	2528	329	1.0
1964	1485	329	0.918918919
329	1485	329	1.0
1964	140	329	0.918918919
1964	1183	329	0.916299559
329	140	329	1.0
329	1183	329	1.0
858	327	229	0.786259542
334	2641	512	1.0
2350	2522	512	1.0
334	1177	512	1.0
2350	589	512	1.0
334	589	512	1.0
2350	462	512	1.0
334	462	512	1.0
2350	1145	512	1.0
2350	2641	512	1.0
627	2255	627	0.778409091
627	910	627	0.763736264
1968	1830	1011	1.0
623	485	1011	1.0
623	1011	1011	1.0
1968	1011	1011	1.0
1430	2255	786	0.444444444
786	2255	786	0.423943662
1430	910	786	0.423929099
786	910	786	0.405479452
2539	2138	629	0.954545455
723	2138	629	0.934782609
723	734	629	0.933333333
2539	734	629	0.943820225
1183	619	619	1.0
1183	329	619	0.916299559
140	619	619	1.0
2528	619	619	1.0
1485	619	619	1.0
1296	334	868	1.0
1296	1005	868	1.0
1177	1005	868	1.0
1177	1679	868	1.0
1807	1005	868	1.0
1934	1005	868	1.0
140	329	619	0.908685969
2490	1005	868	1.0
1111	495	1014	0.842613898
78	306	601	0.889705882
78	960	601	0.889705882
910	601	601	0.984375
910	385	601	0.983870968
910	306	601	0.983870968
910	1298	601	0.983606557
2255	601	601	0.983606557
1699	960	601	0.899280576
2255	960	601	0.984126984
1699	306	601	0.899280576
1699	1298	601	0.9765625
1699	385	601	0.897810219
2255	385	601	0.991666667
2255	306	601	0.991525424
2255	1298	601	0.99137931
78	1298	601	0.983739837
78	385	601	0.888059701
910	960	601	0.969465649
2255	1880	309	0.453703704
910	535	309	0.487684729
2255	309	309	0.473429952
910	309	309	0.505050505
1853	1749	1213	0.85380117
565	1749	1213	0.869047619
565	247	1213	0.869047619
1853	247	1213	0.85380117
910	73	73	0.9
910	1838	73	0.907407407
910	1164	73	0.422413793
2255	73	73	0.892857143
2255	1838	73	0.909090909
2255	2509	73	0.415254237
2314	1822	477	0.481781377
1822	1822	477	0.563011457
477	477	477	0.56792144
969	477	477	0.484787018
477	477	477	0.561688312
969	477	477	0.473372781
1822	477	477	0.543307087
2314	477	477	0.472332016
1747	1667	622	0.765020027
322	322	622	0.765251989
322	402	622	0.763684913
1747	402	622	0.759036145
1967	1967	622	0.638932496
622	622	622	0.639937107
622	622	622	0.638932496
1967	622	622	0.636932707
97	1314	97	1.0
97	1314	97	1.0
838	960	1203	1.0
445	385	1203	1.0
445	306	1203	1.0
445	1092	1203	1.0
445	601	1203	1.0
445	1380	1203	1.0
958	384	222	1.0
2662	520	222	1.0
958	520	222	1.0
910	1215	1215	1.0
2255	1215	1215	1.0
445	1298	1203	1.0
2662	1729	222	1.0
1606	2111	948	0.739361702
948	2111	948	0.739784946
2509	1699	948	0.759124088
421	1699	948	0.751842752
2509	1440	948	0.858461538
421	1440	948	0.845679012
948	766	948	0.866498741
577	1158	948	1.0
577	2101	948	1.0
488	1158	948	1.0
421	1164	948	0.418353576
488	2101	948	1.0
832	1158	948	1.0
832	2101	948	1.0
910	1606	948	1.0
910	948	948	1.0
514	1158	948	1.0
2509	2509	948	0.414666667
514	2101	948	1.0
976	1158	948	1.0
976	2101	948	1.0
2509	2361	948	1.0
421	2361	948	1.0
1606	766	948	0.874213836
2509	78	948	0.752525253
421	78	948	0.74025974
421	981	948	0.847560976
421	1123	948	0.879365079
2255	948	948	1.0
2255	1606	948	1.0
421	233	948	0.923875433
2509	233	948	0.928813559
2509	981	948	0.860182371
2509	1123	948	0.884735202
859	623	859	1.0
2373	623	859	0.854014599
859	623	859	1.0
2509	545	948	1.0
1567	2662	384	0.643448795
733	2662	384	0.637725701
733	958	384	0.671024884
1567	958	384	0.676923077
2373	1968	859	0.854014599
2213	1807	334	1.0
512	1807	334	1.0
2213	1934	334	1.0
512	1934	334	1.0
2213	1296	334	1.0
512	1296	334	1.0
512	1177	334	1.0
334	1122	334	1.0
2350	1122	334	1.0
2350	2467	334	1.0
334	2467	334	1.0
1183	700	700	1.0
259	665	467	0.794326241
259	887	467	0.788321168
259	167	467	0.795774648
880	793	8	0.863636364
2528	700	700	1.0
1485	700	700	1.0
140	700	700	1.0
880	1244	8	0.861502347
877	1244	8	0.856132075
2213	1177	334	1.0
192	163	381	0.759615385
387	163	381	0.758679959
387	246	381	0.811422414
387	887	381	0.815587267
192	1508	381	0.757793765
387	163	381	0.757378174
381	163	381	0.755060034
381	163	381	0.754542338
1591	1508	381	0.754885156
1591	163	381	0.757815184
2010	1508	381	0.756485645
2010	163	381	0.760485269
421	385	188	0.837423313
421	1298	188	0.832317073
421	306	188	0.832317073
838	960	188	0.984790875
140	188	188	1.0
421	1380	188	0.994350282
140	637	188	0.992031873
887	163	381	0.76022176
1183	637	188	0.991869919
1183	188	188	1.0
421	601	188	0.84939759
2509	1380	188	1.0
1485	188	188	1.0
2509	1092	188	1.0
2509	601	188	0.834337349
2528	188	188	1.0
2509	960	188	0.738872404
1485	637	188	0.992031873
2528	637	188	0.991869919
2509	385	188	0.817629179
2509	306	188	0.817629179
2509	1298	188	0.815151515
118	1244	793	0.888361045
199	1244	793	0.887290168
421	1092	188	0.994413408
887	1508	381	0.758561052
199	734	793	0.889423077
1682	1682	337	0.694444444
337	337	337	0.694444444
337	337	337	0.694444444
1682	337	337	0.694444444
1641	1485	1207	0.826170622
1207	140	1207	1.0
1641	2528	1207	0.827895074
1207	1183	1207	1.0
1641	1183	1207	0.827895074
1207	1183	1207	1.0
623	623	623	1.0
1968	1968	623	1.0
1641	140	1207	0.826170622
1207	140	1207	1.0
623	623	623	1.0
1147	1147	623	1.0
1525	180	623	1.0
1968	623	623	1.0
1316	2101	445	1.0
2509	2111	445	0.980952381
445	2111	445	1.0
421	2111	445	0.980582524
838	1699	445	1.0
2509	1699	445	0.875
838	2509	445	0.518987342
838	1440	445	1.0
421	766	445	0.990196078
421	233	445	1.0
2604	1491	445	0.5
248	1491	445	0.5
248	1035	445	0.5
838	545	445	1.0
838	233	445	1.0
838	78	445	1.0
838	1123	445	1.0
838	2361	445	1.0
838	421	445	0.481012658
838	981	445	1.0
445	766	445	1.0
1316	1243	445	1.0
1316	1158	445	1.0
2509	2361	445	1.0
2604	1035	445	0.5
2509	766	445	0.990384615
2509	1123	445	1.0
2509	233	445	1.0
2509	545	445	1.0
933	1766	933	0.823170732
42	1053	933	0.747440273
2029	1053	933	0.747440273
933	1164	933	0.824925816
993	887	178	0.81884058
624	875	853	0.848135229
1508	1537	665	0.758762887
163	192	665	0.757201646
1508	1732	665	0.758347676
163	1732	665	0.757731959
1508	2232	665	0.671139413
163	887	665	0.659161837
1508	1726	665	0.758525663
163	1726	665	0.757575758
163	665	665	0.654016866
163	246	665	0.755319149
1508	246	665	0.757992437
1508	665	665	0.66689327
2403	2528	104	0.904347826
104	2528	104	1.0
104	1485	104	1.0
2403	1485	104	0.900267738
104	140	104	1.0
2403	1183	104	0.904347826
104	1183	104	1.0
2403	140	104	0.900267738
1485	1485	140	1.0
2528	1485	140	1.0
140	140	140	1.0
1183	140	140	1.0
2528	2528	140	1.0
140	2528	140	1.0
1183	1183	140	1.0
140	1183	140	1.0
1183	140	140	1.0
1183	1183	140	1.0
140	140	140	1.0
1485	140	140	1.0
2528	140	140	1.0
1485	1183	140	1.0
2528	1183	140	1.0
85	1105	444	0.657817109
85	2435	444	0.660766962
910	444	444	0.698039216
910	390	444	0.692307692
845	1105	444	0.667582418
845	2435	444	0.687315634
1079	2435	444	0.668493151
1079	1105	444	0.672043011
1980	1105	444	0.665782493
2131	1105	444	0.656976744
2255	444	444	0.703557312
2636	1105	444	0.676880223
933	53	42	0.865560166
993	665	799	0.851351351
178	665	799	0.835616438
993	778	799	0.862318841
803	623	803	1.0
803	623	803	1.0
910	536	536	0.577777778
2255	536	536	0.580278129
1729	1567	1317	1.0
520	222	1317	1.0
520	733	1317	1.0
1729	733	1317	1.0
259	887	1330	0.828571429
467	887	1330	0.830882353
467	167	1330	0.833333333
467	665	1330	0.841726619
259	665	1330	0.840277778
259	167	1330	0.84137931
1133	799	778	0.816326531
665	799	778	0.825174825
726	799	778	0.804347826
1133	993	778	0.791946309
726	178	778	0.808823529
1133	665	778	0.815602837
726	665	778	0.807407407
665	887	778	0.824817518
1183	479	479	1.0
1183	188	479	1.0
421	1092	479	0.987341772
421	1380	479	0.986666667
140	479	479	1.0
140	188	479	1.0
2509	1380	479	0.987012987
1485	479	479	1.0
1485	188	479	1.0
2528	479	479	1.0
2528	188	479	1.0
2509	1092	479	0.987654321
786	444	1105	0.780487805
1291	444	1105	0.788617886
786	390	1105	0.779661017
1291	390	1105	0.79338843
635	444	1105	0.782945736
1430	444	1105	0.754901961
2190	444	1105	0.788617886
2424	444	1105	0.782945736
635	390	1105	0.782945736
748	1298	902	0.961646399
748	306	902	0.961538462
748	385	902	0.959586466
748	601	902	0.967711301
748	1092	902	0.660228898
748	35	902	0.660228898
751	946	902	0.97564688
1096	385	902	0.953161593
1096	1298	902	0.953161593
1096	1092	902	0.453850676
1096	601	902	0.952996475
1096	306	902	0.953161593
2571	946	902	0.978227061
877	1244	734	0.868105516
1096	35	902	0.456725146
880	1244	734	0.865707434
877	793	734	0.873271889
877	880	734	0.870588235
140	637	637	1.0
140	188	637	0.992031873
838	960	637	0.995983936
421	385	637	0.852842809
421	1092	637	0.994065282
421	601	637	0.838187702
1183	637	637	1.0
421	306	637	0.836065574
421	1298	637	0.835526316
421	1380	637	0.994011976
2509	1380	637	0.994011976
1183	188	637	0.991869919
2509	1092	637	0.994065282
2509	385	637	0.837209302
2509	601	637	0.83171521
1485	188	637	0.992031873
2509	306	637	0.828947368
2509	1298	637	0.826229508
2528	637	637	1.0
2528	188	637	0.991869919
1485	637	637	1.0
2509	960	637	0.740740741
53	385	946	0.980337079
53	601	946	0.98028169
53	1298	946	0.980392157
53	306	946	0.980555556
53	1092	946	0.832474227
1226	902	946	0.955555556
2096	902	946	0.948717949
53	1380	946	0.835051546
2356	1968	965	0.59375
1766	1968	965	0.611464968
1382	1968	965	1.0
965	1968	965	1.0
803	623	965	1.0
485	1968	965	0.628205128
965	623	965	1.0
485	623	965	0.628205128
1766	623	965	0.611464968
2356	623	965	0.59375
1382	623	965	1.0
803	623	965	1.0
623	1028	1028	1.0
623	2204	1028	0.8125
1968	2204	1028	0.8125
1968	1028	1028	1.0
1157	1485	1157	1.0
1157	2528	1157	1.0
1157	1183	1157	1.0
1157	140	1157	1.0
665	887	938	0.813186813
2361	2059	579	0.407222222
2509	2059	579	0.419318182
1699	2059	579	0.401190476
233	714	579	0.416860465
1123	2059	579	0.4125
910	579	579	0.536823936
421	2059	579	0.425641026
910	2618	579	0.539526832
1752	537	579	0.414536341
2255	579	579	0.508224617
579	1967	579	0.502564103
2618	1967	579	0.504453821
579	622	579	0.502568893
2528	1449	1058	0.89893617
1485	1449	1058	0.897863818
1183	104	1058	0.89893617
140	104	1058	0.897863818
2618	622	579	0.504703669
1183	1058	1058	1.0
2528	1058	1058	1.0
1485	1058	1058	1.0
381	163	887	0.760207612
140	1058	1058	1.0
381	163	887	0.759598755
192	163	887	0.761822575
192	1508	887	0.760248019
1591	1508	887	0.759310345
887	1508	887	0.652617569
2010	1508	887	0.654902837
387	163	887	0.761147598
887	163	887	0.664704551
387	163	887	0.758632597
140	248	248	1.0
1485	248	248	1.0
1591	163	887	0.762003454
2528	248	248	1.0
2010	163	887	0.667958951
1183	248	248	1.0
583	1766	583	0.443051202
583	1164	583	0.443544304
421	1092	360	0.9921875
421	601	360	0.929752066
421	385	360	0.933054393
421	306	360	0.933054393
421	1298	360	0.928870293
421	960	360	0.866666667
838	960	360	0.995391705
1183	360	360	1.0
421	1380	360	0.992125984
1183	188	360	1.0
140	360	360	1.0
140	188	360	1.0
140	637	360	0.994949495
2509	1092	360	0.996240602
2509	1380	360	0.996212121
2528	360	360	1.0
1485	360	360	1.0
1183	637	360	0.995024876
1485	188	360	1.0
2509	960	360	0.853658537
2528	188	360	1.0
2509	385	360	0.91902834
2509	601	360	0.92
2509	306	360	0.922764228
2509	1298	360	0.915322581
2528	637	360	0.995024876
1485	637	360	0.994949495
140	242	242	1.0
140	814	242	0.818079096
1183	242	242	1.0
1183	814	242	0.823431427
2528	242	242	1.0
1485	242	242	1.0
1350	2255	826	0.64160401
826	2255	826	0.619804401
1350	910	826	0.629766298
826	910	826	0.610640871
1686	1485	582	0.974358974
582	1485	582	1.0
1686	2528	582	0.962025316
582	2528	582	1.0
1686	140	582	0.974358974
582	140	582	1.0
582	1183	582	1.0
1686	1183	582	0.962025316
2147	1226	353	0.572463768
60	1226	353	0.566433566
2147	2096	353	0.558823529
60	2096	353	0.57037037
421	960	56	1.0
948	1298	56	1.0
948	306	56	1.0
948	601	56	1.0
948	1092	56	1.0
948	385	56	1.0
948	1380	56	1.0
1606	1380	56	1.0
2255	282	56	1.0
910	282	56	1.0
910	346	56	1.0
910	1	56	1.0
910	1255	56	1.0
910	56	56	1.0
1606	385	56	1.0
1606	1092	56	1.0
2255	346	56	1.0
2509	960	56	1.0
1606	1298	56	1.0
1606	306	56	1.0
1606	601	56	1.0
2255	1255	56	1.0
2255	1	56	1.0
2255	56	56	1.0
1394	2190	316	0.405233143
1394	1291	316	0.401467156
926	2528	926	1.0
926	1485	926	1.0
926	1183	926	1.0
926	140	926	1.0
421	960	346	1.0
910	346	346	1.0
910	282	346	1.0
910	1	346	1.0
910	56	346	1.0
1606	1380	346	1.0
948	1380	346	1.0
948	1298	346	1.0
948	306	346	1.0
948	601	346	1.0
948	1092	346	1.0
948	385	346	1.0
2255	282	346	1.0
1606	1092	346	1.0
1606	385	346	1.0
2255	346	346	1.0
910	1255	346	1.0
1606	1298	346	1.0
1606	306	346	1.0
1606	601	346	1.0
2255	1255	346	1.0
2509	960	346	1.0
421	1164	1123	0.601321586
2255	1	346	1.0
2255	56	346	1.0
1339	421	95	0.913580247
1339	1164	95	0.920454545
95	910	95	0.852941176
95	910	95	0.867924528
354	910	95	0.783018868
354	910	95	0.761061947
1164	910	95	0.432160804
1164	2255	95	0.448780488
2326	910	95	0.861386139
1766	910	95	0.429319372
2468	910	95	0.84375
1423	910	95	0.775510204
1339	910	95	0.831578947
2326	2255	95	0.883495146
1766	2255	95	0.437810945
1423	2255	95	0.787037037
2468	2255	95	0.858585859
1578	2255	95	0.835294118
1339	910	95	0.848484848
178	887	993	0.84962406
799	887	993	0.860294118
445	1380	318	1.0
445	1298	318	1.0
445	1092	318	1.0
445	306	318	1.0
445	601	318	1.0
445	385	318	1.0
838	960	318	1.0
910	346	282	1.0
910	282	282	1.0
910	1255	282	1.0
910	56	282	1.0
910	1	282	1.0
948	1298	282	1.0
948	306	282	1.0
948	601	282	1.0
948	1092	282	1.0
948	385	282	1.0
948	1380	282	1.0
1606	1092	282	1.0
2255	282	282	1.0
421	960	282	1.0
2255	56	282	1.0
1606	385	282	1.0
2509	960	282	1.0
1606	1298	282	1.0
1606	306	282	1.0
1606	601	282	1.0
2255	1255	282	1.0
2255	346	282	1.0
2255	1	282	1.0
140	1316	1316	1.0
2528	1316	1316	1.0
1485	1316	1316	1.0
1183	1316	1316	1.0
2078	1865	958	1.0
222	1865	958	1.0
2078	384	958	1.0
222	384	958	1.0
748	2111	748	0.518388106
748	766	748	0.980029586
1183	838	838	1.0
140	838	838	1.0
2528	838	838	1.0
1485	838	838	1.0
751	53	748	0.411614731
2571	53	748	0.417517007
948	1298	1	1.0
948	306	1	1.0
948	601	1	1.0
948	1092	1	1.0
948	385	1	1.0
421	960	1	1.0
948	1380	1	1.0
910	346	1	1.0
910	282	1	1.0
910	1	1	1.0
910	56	1	1.0
1606	1380	1	1.0
910	1255	1	1.0
1606	385	1	1.0
1606	1092	1	1.0
2255	282	1	1.0
2255	346	1	1.0
1606	1298	1	1.0
1606	306	1	1.0
2509	960	1	1.0
2255	1	1	1.0
2255	1255	1	1.0
1606	601	1	1.0
2255	56	1	1.0
2450	2424	390	0.681940701
1090	1079	390	0.681318681
2450	1430	390	0.673652695
2450	2190	390	0.673024523
1090	845	390	0.68914956
1789	2255	390	0.68627451
390	2255	390	0.670634921
2450	786	390	0.668621701
1090	786	390	0.669590643
1789	910	390	0.683397683
390	910	390	0.668
2450	1291	390	0.688385269
1090	1291	390	0.69760479
2450	635	390	0.680107527
1090	635	390	0.676712329
1090	85	390	0.672672673
2235	1375	792	0.406818182
1194	1186	864	0.481283422
792	30	792	0.42823804
2068	1186	864	0.446808511
78	306	1298	1.0
78	960	1298	1.0
78	1298	1298	1.0
78	385	1298	1.0
910	960	1298	1.0
910	385	1298	1.0
910	306	1298	1.0
910	1298	1298	1.0
792	30	792	0.413551402
910	601	1298	0.99122807
1699	960	1298	1.0
2255	960	1298	1.0
1699	306	1298	1.0
1699	1298	1298	1.0
1699	385	1298	1.0
2255	385	1298	1.0
2255	306	1298	1.0
2255	1298	1298	1.0
2255	601	1298	0.981818182
814	1485	814	1.0
1587	1485	814	0.808486879
1587	2528	814	0.809939924
814	140	814	1.0
1587	140	814	0.808486879
814	1183	814	1.0
814	2528	814	1.0
1587	1183	814	0.809939924
2503	1922	261	1.0
756	577	261	1.0
2503	2177	261	1.0
756	832	261	1.0
2111	2293	261	0.874213836
766	948	261	0.739361702
2503	2321	261	1.0
756	976	261	1.0
2293	2255	261	1.0
261	910	261	1.0
2503	1859	261	1.0
756	514	261	1.0
2503	1833	261	1.0
756	488	261	1.0
2468	1766	261	0.891089109
1423	1766	261	0.730978261
2326	1766	261	0.854368932
1578	1766	261	0.921146953
354	421	261	0.746898263
1164	1766	261	0.407660739
95	421	261	0.854368932
1016	421	261	1.0
766	261	261	0.746666667
2111	261	261	0.875
1423	1164	261	0.747340426
1164	1164	261	0.410714286
2468	1164	261	0.892156863
1578	1164	261	0.925795053
1890	1164	261	1.0
354	1164	261	0.756218905
95	1164	261	0.862745098
1016	1164	261	1.0
261	910	261	1.0
2293	910	261	1.0
2326	1164	261	0.864516129
910	1079	1079	0.418941504
910	635	1079	0.423814898
2255	1079	1079	0.40349918
1296	589	1201	0.460567823
665	1330	167	0.836734694
665	887	167	0.827338129
1789	2636	1090	0.808333333
390	2636	1090	0.805084746
1789	2131	1090	0.8
390	2131	1090	0.791304348
1789	1980	1090	0.801587302
390	1980	1090	0.801587302
1789	845	1090	0.808333333
390	845	1090	0.806722689
390	85	1090	0.828282828
1789	1079	1090	0.801587302
390	1079	1090	0.801587302
1789	85	1090	0.833333333
1122	143	143	0.821755174
543	653	448	0.854085603
2010	2179	448	0.406380028
1659	2179	448	0.463414634
448	834	448	0.411974341
887	2179	448	0.408870409
1416	2179	448	0.422597212
543	834	448	0.417510854
216	834	448	0.472375691
1013	2179	448	0.462025316
749	834	448	0.470101196
1659	1508	448	0.454545455
1416	1508	448	0.416966211
448	163	448	0.406162465
2010	1508	448	0.401927047
653	1508	448	0.406184118
653	2179	448	0.412870571
1013	1508	448	0.45706619
216	163	448	0.464904284
1013	834	448	0.461261261
1013	163	448	0.483412322
543	834	448	0.412572254
543	163	448	0.43404908
543	163	448	0.409672831
887	1508	448	0.404810997
887	834	448	0.409688581
749	834	448	0.466605672
749	163	448	0.489874638
653	834	448	0.406294707
653	163	448	0.429112964
448	834	448	0.407829181
448	163	448	0.427815571
887	163	448	0.425858291
216	163	448	0.489443378
749	163	448	0.46350365
216	834	448	0.46875
1659	163	448	0.479206049
1416	163	448	0.43990755
2010	834	448	0.408304498
1659	834	448	0.45706619
1416	834	448	0.417454545
2010	163	448	0.426061493
877	793	880	0.872727273
1259	2528	1259	1.0
1259	1183	1259	1.0
1259	140	1259	1.0
2255	1440	981	0.863157895
910	1440	981	0.87254902
2255	1699	981	0.752380952
910	1699	981	0.745454545
2255	2684	981	0.818181818
2255	2509	981	0.429319372
910	981	981	0.886597938
910	2684	981	0.844444444
910	1164	981	0.444444444
910	1123	981	0.847826087
2255	981	981	0.861702128
910	78	981	0.771428571
2255	78	981	0.742268041
2255	1123	981	0.822222222
910	421	981	0.4375
1259	1485	1259	1.0
2255	421	981	0.420765027
1001	1479	1001	0.797317437
1001	134	1001	0.796130952
216	543	1013	0.825396825
543	653	1013	0.692825112
216	448	1013	0.830287206
749	448	1013	0.826558266
1659	2179	1013	0.534778681
1416	2179	1013	0.527204503
2010	2179	1013	0.524229075
1013	2179	1013	0.53164557
887	2179	1013	0.520741395
749	834	1013	0.540938362
216	834	1013	0.539594843
653	2179	1013	0.523589269
543	834	1013	0.527777778
1013	834	1013	0.52972973
448	834	1013	0.521178637
1013	163	1013	0.556398104
1013	1508	1013	0.527728086
448	834	1013	0.517367459
448	163	1013	0.538238141
543	834	1013	0.518484288
448	163	1013	0.518953069
543	163	1013	0.540487805
543	163	1013	0.521937843
653	834	1013	0.520220588
653	163	1013	0.537414966
749	834	1013	0.537968893
749	163	1013	0.566055931
749	163	1013	0.53649635
1659	1508	1013	0.526737968
1416	1508	1013	0.523459062
216	163	1013	0.535095716
887	834	1013	0.519366197
1659	834	1013	0.526833631
2010	834	1013	0.523725835
1416	834	1013	0.520408163
887	163	1013	0.545790934
216	834	1013	0.537683824
910	5	5	0.639447236
1416	163	1013	0.537708129
910	826	5	0.630354957
2255	5	5	0.624691358
653	1508	1013	0.519927536
216	163	1013	0.560460653
1659	163	1013	0.555765595
2010	1508	1013	0.521929825
2010	163	1013	0.54797048
887	1508	1013	0.51754386
793	8	1244	0.865740741
1638	1667	537	0.617391304
458	322	537	0.621621622
2167	2114	537	0.853658537
47	769	537	0.853658537
2240	1967	537	0.838983051
47	594	537	0.871794872
537	622	537	0.818181818
407	1273	537	0.567375887
458	402	537	0.616071429
1952	2618	537	0.583892617
811	1034	537	0.420289855
811	714	537	0.42
2041	1034	537	0.420289855
2167	594	537	0.871794872
407	579	537	0.567375887
1638	402	537	0.634782609
1952	579	537	0.585526316
2240	622	537	0.831932773
880	1244	877	0.865882353
537	622	537	0.81147541
880	793	877	0.866817156
910	85	85	0.456556082
910	786	85	0.438253012
2255	2131	85	0.413294798
2255	85	85	0.431432974
1675	1348	472	0.583309679
3	3	472	0.590808416
3	330	472	0.589270508
1675	330	472	0.581381902
192	163	387	0.759876331
192	1508	387	0.758313336
381	246	387	0.82295082
1591	1508	387	0.758147513
387	163	387	0.755905512
381	163	387	0.758169935
2010	1508	387	0.758644537
887	1508	387	0.761163032
381	163	387	0.75946318
387	163	387	0.757201646
838	960	668	1.0
1591	163	387	0.761168385
445	385	668	1.0
445	306	668	1.0
445	601	668	1.0
445	1092	668	1.0
2010	163	387	0.760568261
445	1298	668	1.0
445	1380	668	1.0
887	163	387	0.76117851
887	163	192	0.779854621
887	1508	192	0.779122019
192	163	192	0.775230927
387	163	192	0.777319588
387	163	192	0.775566232
192	1508	192	0.77337884
381	163	192	0.778274321
381	163	192	0.77766323
2010	1508	192	0.775474957
1591	163	192	0.777434842
1591	1508	192	0.775419377
2010	163	192	0.777508651
470	470	530	0.50463933
470	190	530	0.510899601
1535	1815	530	0.509509202
1535	190	530	0.513626162
53	2111	53	0.671637953
53	766	53	0.901622368
665	192	246	0.817215728
1508	1537	246	0.760548885
163	192	246	0.758726899
1508	2232	246	0.762647263
1508	1726	246	0.759545924
163	887	246	0.760290557
163	1726	246	0.758336198
1508	1732	246	0.761691884
163	1732	246	0.759697906
163	665	246	0.758811334
2061	2267	134	0.75
1508	246	246	0.757700205
922	716	134	0.75
922	922	134	0.75
134	134	134	0.75
134	134	134	0.75
2061	716	134	0.75
1508	665	246	0.75934903
1479	1479	134	0.75
163	246	246	0.756147541
1479	134	134	0.75
2346	1001	134	0.75
1667	1967	402	0.433962264
402	1967	402	0.427385892
421	583	425	0.460334593
402	622	402	0.423553719
1667	622	402	0.436708861
