48948	54286	165
59920	21273	19
10071	340	22
10211	16475	139
46182	46015	160
1719	60379	122
6975	74716	52
246	247	22
43535	63030	22
18244	18258	22
1154	29126	19
48393	48457	47
1154	29119	19
20508	1149	26
20845	2572	26
19302	19306	22
16297	4602	26
4844	4868	22
6886	19882	47
22977	22978	104
42698	42697	22
28549	28557	22
16297	4119	26
20550	7148	153
864	863	19
22707	22713	22
72966	72757	104
69318	69321	22
69376	42745	22
44950	22469	22
62975	62986	22
61258	61261	122
64034	15242	22
8971	9017	19
48948	54369	165
73565	73568	127
1647	17656	47
12728	20479	195
851	1284	19
17090	6660	22
4028	28478	26
64280	64282	22
8258	4387	26
43204	44579	22
3602	13421	199
50	5256	26
60131	60872	122
48948	54283	165
26835	26837	104
392	12357	19
8971	9021	19
1515	1528	22
126	72906	104
11381	20470	22
2825	56220	52
1121	1122	49
63855	63856	22
1319	28054	104
16297	2883	26
74632	2239	22
11508	11511	19
22336	7210	26
20508	23442	26
3085	35290	199
10211	32727	139
69318	69320	22
11381	2420	22
46381	46195	160
44406	59338	49
10919	10922	47
10623	30569	19
72853	73122	52
3340	74295	199
38692	4842	19
1154	29255	19
9691	10576	199
6886	20018	47
42777	42776	22
12728	73012	104
60577	7766	190
6301	18472	22
1154	29236	19
9684	9683	19
1319	28043	104
6041	50902	19
10211	10484	139
48754	19988	47
74506	74530	22
6886	19956	47
21719	340	22
20350	20352	22
3602	13376	199
59321	59322	22
1138	2239	22
24711	24712	22
22928	14805	81
60786	60787	22
7667	7674	19
588	589	49
42865	43463	22
24493	24492	190
6886	19916	47
42861	43970	22
60119	60120	22
60549	60551	122
1154	29130	19
6870	12496	47
19302	19305	22
15314	15315	118
63281	63282	22
9248	9251	22
2398	32533	139
43048	18180	22
7106	7108	22
20539	59186	190
10211	32721	139
15140	15141	22
8818	8835	49
28522	6663	22
10623	30336	19
6700	6701	22
46182	22011	160
17090	6613	22
7256	7257	22
4028	74749	26
1154	29301	19
16297	22631	26
63801	63802	22
46182	16116	160
10211	14604	139
69128	69129	22
12684	24821	52
470	1314	22
42864	44749	22
46150	46152	160
43383	59728	49
936	26328	19
23688	23696	22
61238	61239	122
64080	64081	22
19869	11515	19
42812	44180	22
60844	59312	122
42823	44285	22
72549	72550	52
64114	63453	22
59499	59501	122
72774	72776	195
889	12642	19
8971	9041	19
42861	43216	22
64067	64070	22
16297	4002	26
3340	74287	199
10211	6617	139
6077	6078	26
6826	13134	22
18371	18372	22
1423	35542	199
59178	7415	19
21365	21369	22
44406	44975	22
1154	29127	19
1154	29215	19
2066	2074	22
43303	44721	22
63269	63270	49
48948	54329	165
42708	8832	22
48948	54280	165
28453	28454	26
6932	17104	47
10211	7222	139
43041	1259	22
339	8784	22
17744	941	19
12728	73004	104
5594	918	26
48968	48969	47
43425	63508	22
57852	57844	22
46182	46238	160
46182	46157	160
50	760	26
44253	44252	22
42789	42788	22
28574	26986	22
288	10190	101
43035	60229	49
74506	74508	49
3931	3945	26
6301	6661	22
6301	21685	22
63372	63375	22
1047	74217	19
69203	69206	22
15979	15980	22
16297	9746	26
46150	46156	160
105	72800	195
17232	17235	49
43533	43532	22
3085	42400	199
26571	26572	22
12870	12871	26
14237	4044	26
16297	4189	26
23339	15443	26
10384	341	22
63097	63102	22
48948	54302	165
64077	64078	49
61168	61169	122
25504	25389	19
59994	59626	122
67643	72680	52
1154	29265	19
10623	31017	19
64242	64243	22
851	1276	19
15314	1054	118
32849	927	139
60109	60110	49
61048	60112	122
12025	2239	22
43058	63995	49
10211	32780	139
19374	19375	22
25977	664	26
20550	35275	153
1455	1456	26
6886	19889	47
43588	63204	22
64225	64227	22
73115	26837	195
18167	18168	22
20627	32361	19
69503	69505	118
63114	63115	22
42700	43714	22
42700	44332	22
10211	32775	139
12795	72062	52
16297	4537	26
59133	1074	101
5995	5996	22
50	5253	26
54385	17639	165
42708	8842	22
48951	48361	47
3231	14909	19
17214	17215	22
64151	64152	49
19765	750	22
60415	60416	191
1319	28069	104
24741	21973	19
16297	191	26
42888	42887	22
28549	28550	49
18409	18411	22
889	8540	19
61413	60562	122
75095	75097	22
71499	71505	22
73246	17202	52
1423	35373	199
60052	3222	122
71499	71500	49
409	1302	19
16297	1389	26
71596	73074	195
20508	7795	26
24627	19149	22
1561	38168	19
12728	20395	195
73565	73600	127
43572	43571	22
1154	29232	19
59548	44489	190
4028	7857	26
105	72795	104
16297	4130	26
5039	5040	22
6826	13100	22
42708	8826	22
62975	62982	22
775	786	19
17849	17850	22
6886	19918	47
6886	19970	47
3602	13361	199
16297	4113	26
18059	18060	49
12728	72998	104
19337	19338	49
72754	72916	195
63452	63455	22
21447	21450	49
43068	43099	22
889	12644	19
17464	3976	26
2890	5009	19
24476	24477	49
71162	6667	22
48754	48760	47
12735	28865	19
25363	75018	104
179	180	19
1746	1750	22
47527	47543	52
24212	24213	49
409	6128	26
10211	17601	139
64715	60324	191
7183	18790	104
22402	22404	22
126	73053	195
61069	60074	122
43286	28272	22
1435	13815	22
7395	29466	19
63230	63234	22
22264	22265	49
72839	72840	195
10623	30437	19
16297	4019	26
16297	22652	26
46182	46292	160
18244	18246	22
2555	2556	22
10211	32766	139
6886	20075	47
479	13423	26
10211	1148	139
392	12354	19
12195	12196	22
63969	63971	22
69348	43181	22
60914	51284	19
3340	74279	199
6826	13075	22
19494	19496	22
59536	59539	122
12728	73014	195
72056	28055	104
479	13420	26
6886	20035	47
43957	21490	22
26438	26439	22
71275	7354	19
6229	339	22
10211	4735	139
73565	73504	127
6886	19969	47
42890	63075	22
15333	35366	153
12728	20426	104
10211	32759	139
63028	63029	22
24150	24151	49
10211	18482	139
24973	24975	49
479	1153	19
63773	63774	22
6886	20106	47
28798	15917	19
2682	2683	22
1515	1530	22
8971	8990	19
64255	64256	22
889	12550	19
47729	72105	52
63606	63607	22
48948	54319	165
43936	22888	22
44406	59339	22
42716	44321	22
2066	2096	22
16297	4466	26
48948	48452	165
6886	19971	47
20819	20820	22
46385	5222	160
63893	63901	22
71593	73100	22
21399	21400	22
73565	25390	127
16297	760	26
28453	28473	26
8055	8056	22
10211	32688	139
6886	19899	47
18460	18461	22
48948	54345	165
59574	59578	122
60004	60005	190
63552	63553	22
64564	60486	191
4907	1317	19
1080	3012	139
69516	3017	22
43186	43185	22
6320	6319	52
59821	14940	122
1154	29114	19
56581	317	101
24382	13000	49
24787	340	22
59821	14941	122
6826	13070	22
18797	18798	22
1423	74246	199
64417	10893	22
1	5009	19
10211	32744	139
48529	20052	47
288	2765	101
12728	20480	104
6156	6157	22
71001	71002	49
3085	7671	19
16297	4681	26
10211	1339	139
20862	59161	49
20508	2876	26
11301	11303	22
2632	1475	26
28978	1	26
42708	43967	22
16297	4419	26
8971	9035	19
1154	29158	19
20895	20896	22
1154	29222	19
1319	28109	104
24239	24240	52
11508	11510	19
69345	43672	49
16297	3111	26
889	12558	19
1319	12907	104
7473	72121	52
64604	59347	191
46381	3333	160
3401	339	22
43023	44087	22
48403	49362	47
69466	69467	22
11381	3912	22
64030	64033	22
3602	13392	199
9902	664	26
10211	10430	139
60087	59215	122
16053	29349	19
32849	32934	139
43709	43708	22
46385	46115	160
20550	42374	153
25219	25220	22
24574	24575	19
43093	44890	22
6826	13052	22
14624	14625	22
479	13398	26
64067	64071	22
5409	5410	52
16297	4041	26
6826	13066	22
17927	6656	22
23688	23696	49
72127	72128	52
42883	44494	22
16161	16162	49
59193	60591	190
12728	73043	104
6886	19915	47
63437	63439	22
60671	60679	22
11439	11440	49
63048	63049	22
24220	24221	22
43058	63992	22
60632	60633	122
43023	44748	22
42781	64344	22
10623	30784	19
775	790	19
603	563	47
1319	27334	52
10211	27356	139
23339	7206	26
6886	20055	47
48416	10935	47
64350	64361	22
42700	44945	22
1154	29201	19
10623	30954	19
10211	32813	139
6229	756	22
17583	7190	19
6886	20121	47
13581	59598	190
69430	1317	19
60515	3222	122
16297	4073	26
4955	72040	52
56224	28461	26
8971	9068	19
3931	4021	26
10211	7336	139
18775	18776	49
69376	44019	22
50604	2524	19
1138	927	26
1647	383	47
43328	43327	22
2919	59778	190
61081	61085	122
48948	3145	165
15893	1180	26
889	12568	19
3602	13419	199
8227	8228	19
15979	15981	22
3931	3667	26
27728	27730	49
59574	59577	122
6931	10935	47
26631	3017	22
6582	6583	52
16297	21642	26
42720	44468	22
1423	74252	199
12728	73019	195
2454	2455	49
1154	29196	19
2066	2080	22
63728	63729	22
8303	8304	49
6301	21701	22
16297	22624	26
13823	13824	49
60429	60430	191
392	12344	19
6886	20128	47
61721	73772	19
43538	63861	22
59706	59707	122
11381	20396	22
3931	3934	26
20105	6883	165
16297	22696	26
12728	359	104
6301	21679	22
71660	4443	101
43344	43500	22
9847	27806	47
59584	59585	191
5008	340	22
73565	22386	127
3677	3678	52
16639	16651	22
27554	27555	22
19302	19307	22
6301	8784	22
43436	43435	22
69397	69398	22
48843	48457	47
69013	72949	52
73565	73382	127
190	5967	19
10211	32728	139
46182	46317	160
3726	3729	22
60333	59663	122
42700	60020	22
479	13463	19
61081	61087	122
63958	63720	22
46336	5217	160
16297	4336	26
48948	54364	165
75333	44361	49
24495	24496	49
1154	29118	19
25643	21101	49
64602	61205	191
46381	5222	160
1154	29209	19
595	1612	19
6277	25570	22
72438	72439	52
6826	13057	22
2066	2093	22
69379	69390	22
1319	28010	104
64323	64324	22
64007	64008	22
26118	26119	22
10211	4766	139
479	2253	19
20550	9177	153
63849	63851	22
202	1422	19
1157	1158	22
11510	11508	19
48951	10936	47
59470	59599	190
72753	72767	195
72285	664	26
265	266	19
16297	3997	26
42700	60021	22
57852	57460	22
59762	59763	122
20508	2536	26
750	607	22
63798	44469	22
19401	19402	26
1423	35254	199
63985	63986	22
1154	29223	19
43021	43427	22
42700	42735	22
44577	63716	49
69376	43146	49
63409	63410	22
479	13391	26
27161	25712	22
1271	339	22
47527	49841	52
3558	8710	19
63362	63363	22
63086	63095	22
10211	28461	139
63400	63401	22
10777	10778	22
851	1294	19
63302	63314	22
28453	3308	26
6886	19980	47
6886	19890	47
63911	63912	22
12901	12902	49
63402	63403	22
72841	72842	195
18982	18984	22
29342	29343	49
20539	59193	190
60506	60507	191
60409	60410	122
26183	26184	26
60351	60352	191
16297	4647	26
50	11964	26
851	974	19
20550	42366	153
1256	1265	22
479	13469	19
24069	24071	22
64720	64721	191
25491	25492	49
6886	19967	47
11578	11579	22
28811	664	26
5534	5542	22
75413	75423	22
22490	22489	19
72119	6128	26
8971	9069	19
72930	72941	104
6301	8785	22
23133	23137	22
63632	63633	22
25655	25657	22
6840	6841	22
16297	4429	26
889	12582	19
6886	20159	47
21460	21461	19
64745	64746	191
63097	8056	22
13476	35413	153
61044	59990	122
851	1313	19
73565	73452	127
67545	67547	81
5534	5539	22
43051	64287	22
18244	18245	22
16297	4566	26
42700	44995	22
48948	54371	165
851	1299	19
16297	4457	26
42901	43430	22
63162	63163	49
10211	9913	139
16297	4357	26
73565	73521	127
6886	19904	47
42708	8825	22
3745	2229	81
10211	32774	139
1334	4902	49
6684	6685	49
1639	1640	19
6886	19937	47
43068	44225	22
6886	19946	47
19566	19583	22
889	12639	19
60814	8095	190
3708	30702	19
6758	6759	49
5558	5569	22
6886	19905	47
11381	20456	22
21641	28740	22
3085	35569	199
18716	3717	139
20550	40253	153
64335	64336	22
479	13357	26
10211	9813	139
15903	15908	22
49571	17110	47
18416	664	26
42848	71328	49
3602	13387	199
50	5255	26
10623	30277	19
12728	73008	104
6886	20002	47
12728	20485	195
69318	69324	22
69521	24818	118
23150	23156	22
60496	61371	122
60378	17575	122
74597	74598	22
44808	63076	22
10211	32790	139
60375	4907	190
22232	2239	22
71593	73101	195
61357	60352	122
64619	64620	191
43406	44427	22
851	1297	19
2370	73098	195
2206	7987	19
75065	63268	49
6264	10699	22
22985	22986	52
889	12587	19
6812	6813	49
11985	11986	22
16297	4363	26
1154	29139	19
72821	72832	195
10968	61210	122
21545	21546	52
73565	73595	127
1319	28024	104
10211	10443	139
126	72908	104
10211	32786	139
20508	1062	26
63975	6364	22
2189	2190	49
3085	35646	199
29515	29516	49
2450	1327	19
288	10215	101
8818	8833	49
6826	2043	22
24167	24168	22
46461	45495	160
67721	44338	49
43214	43213	22
46182	46293	160
44625	44624	22
19494	19497	22
20508	22683	26
48948	734	165
42714	43464	22
6886	20126	47
57852	72149	22
2370	73095	195
6886	20041	47
15180	15184	22
23647	23648	22
43538	63865	22
63694	43613	22
3602	13395	199
63381	13949	22
3625	3627	22
43221	43411	22
10623	30286	19
59346	59347	122
6886	20037	47
3085	35456	199
11381	20419	22
46385	32404	160
61322	59635	122
59456	59458	122
28844	28845	49
5551	5553	22
10211	3936	139
6886	20170	47
63632	63634	22
16297	4123	26
3602	13368	199
43425	63509	22
48948	21937	165
18606	664	26
12728	72032	195
6826	6223	22
28453	28481	26
16297	4620	26
44253	63516	22
69379	69392	22
67946	72599	19
72768	72772	195
22099	22100	49
21641	5009	19
69255	69257	49
42829	44238	22
74506	74528	22
55484	280	165
7458	7459	49
595	27844	19
8303	8306	22
69130	69131	22
46182	9891	160
43300	44724	22
44421	44419	22
10211	27222	139
3931	332	26
43626	21390	22
73396	396	26
63611	63612	22
25643	25644	49
72788	72814	195
10623	30692	19
61185	61186	122
44473	44472	22
6886	20073	47
71611	72746	195
71202	74188	19
16297	3989	26
29184	5093	26
59479	59480	191
11381	20417	22
72153	72154	52
68943	68944	19
43477	64139	22
8971	9023	19
8971	9006	19
479	13372	26
1154	29161	19
64532	27242	191
10211	11695	139
479	13361	26
29425	27610	19
1423	74253	199
20508	23478	26
42919	42918	22
24836	24837	22
48353	48358	47
16297	4558	26
16297	4511	26
1244	10835	22
3677	3682	22
29575	29574	19
43372	43371	22
62923	62924	22
61258	61262	122
43442	43441	22
15972	340	22
63603	63604	22
64424	64425	22
63061	63062	22
889	11049	19
64550	64551	191
61651	10314	101
8818	8823	49
43007	43006	22
59262	2919	190
60503	60504	22
6826	13092	22
63605	15021	22
42732	43225	22
288	27363	101
16297	4072	26
10211	4753	139
60109	60110	22
16297	3945	26
105	72798	195
25182	4902	49
1327	2450	19
775	806	19
3931	4017	26
42714	43447	22
689	690	49
3106	3012	139
43035	60368	22
7142	173	101
24958	3905	26
6301	6656	22
29796	73203	19
775	804	19
10211	28478	139
48948	54353	165
12728	20431	104
1154	29302	19
479	9866	19
889	12666	19
46182	46255	160
480	482	22
60862	27106	191
61155	60424	122
63520	63521	22
1154	29140	19
288	23126	101
63554	63555	49
20508	1633	26
2454	2458	22
61584	9156	104
1154	29225	19
69348	43120	49
59939	59941	191
61428	61337	122
4805	73483	52
6654	6655	22
25491	25498	22
42919	44390	22
10384	339	22
63426	63427	22
16297	4307	26
4844	4873	22
920	2928	19
63815	63816	22
23328	23330	49
43221	43628	22
7355	7356	22
3340	74280	199
13476	35263	153
19747	61129	118
63548	5634	22
46182	46314	160
3129	48834	47
10211	32703	139
72753	72762	195
51171	51172	19
13947	13949	22
1319	13220	104
8125	8126	49
64012	64013	49
68867	68868	49
24902	24903	49
49651	49654	47
42711	43833	22
44434	11579	22
1647	17657	47
63014	63017	22
16297	4651	26
6886	20064	47
43023	44663	22
63692	63693	22
750	2112	22
11381	20426	22
46385	46386	160
8971	8989	19
22887	22888	22
11531	481	22
6826	13177	22
11301	11313	22
21099	21106	22
43477	64141	22
20508	15822	26
59803	59805	122
48957	20105	47
69379	69380	22
43588	63208	22
18571	18572	49
75166	3682	22
16593	16594	22
48948	54351	165
42734	42772	22
46182	46203	160
470	14661	19
64350	64362	22
73565	73581	127
64652	59580	191
5558	5560	49
22336	7207	26
22336	7200	26
8703	17885	19
10211	17848	139
44121	64210	22
14638	22322	47
59553	59555	122
10623	30345	19
479	13465	19
73565	73367	127
479	13339	26
125	72905	22
3931	3971	26
18910	2229	81
11381	20439	22
22235	288	19
6277	53092	22
8971	9048	19
63123	63124	22
15937	15936	19
16297	4373	26
10431	664	26
63587	340	22
13670	1	26
8137	8786	22
60095	60096	122
60856	59215	122
13427	19721	19
46182	46012	160
74226	74228	199
26808	26811	22
6301	6613	22
6264	340	22
44701	44700	22
6886	19972	47
1047	42377	199
125	72888	22
24678	24679	22
60151	60152	122
3602	13337	199
1154	29113	19
3931	3976	26
75413	44836	49
7256	7258	22
889	12670	19
20508	26503	26
9428	9430	22
15333	40487	153
69461	9842	118
72005	21445	52
2155	7503	19
20550	35514	153
64130	64131	22
64659	64660	191
12728	72030	104
43035	44479	22
60671	60677	22
48948	48397	165
42812	44033	22
6912	27365	47
63466	8002	22
9719	339	22
42861	44305	22
1047	35630	199
43044	43943	22
6301	21668	22
48948	54274	165
8703	27136	19
1154	29188	19
889	12510	19
889	12544	19
72462	72463	26
10211	21533	139
72930	72936	195
42711	42775	22
5355	5356	49
21843	12036	26
479	13345	26
72966	72918	195
11381	20475	22
25092	60245	122
1746	1748	22
16297	4666	26
14058	14059	49
6276	755	22
6886	20105	47
6102	6104	49
6826	13132	22
44449	44448	22
63623	63624	22
3931	4010	26
16297	4646	26
21099	21101	22
24893	24896	52
14313	23735	190
69309	69310	22
69449	17497	118
27296	26762	22
64707	64708	191
1019	338	22
5085	3222	122
64535	59940	191
42861	44221	22
1274	6663	22
6301	6622	22
5405	5407	49
20550	35238	153
8664	17103	47
44421	64211	22
48948	54340	165
11381	20425	22
6826	13078	22
70974	43553	22
12728	73033	104
3931	3932	52
7360	7361	26
64422	64423	22
12728	73016	195
10997	10999	101
46182	46269	160
74353	74356	19
42711	42977	22
39462	40917	19
889	12540	19
5528	56176	52
13278	13279	22
46182	46198	160
687	596	19
69216	69217	22
46150	45721	160
59856	59857	49
46182	46200	160
47560	57786	22
14615	14616	49
63654	11418	22
27852	3491	52
43058	63993	22
12901	12903	22
409	5801	19
973	60887	122
52248	8899	180
72821	72833	195
12728	73022	195
42919	42976	22
25643	21107	22
17574	17575	49
42901	43352	22
3845	3846	22
15333	35290	153
72811	72812	52
1154	29269	19
43101	43171	22
16297	2880	26
20550	35349	153
10917	3717	139
42873	42872	22
16297	22669	26
63678	63679	22
8971	9056	19
6301	21711	22
24167	24168	49
1274	340	22
43221	44367	22
17409	17411	22
46182	46154	160
6277	53094	22
1423	67480	19
26069	26073	22
12163	7415	19
69123	69124	49
24519	24524	49
17068	7029	19
3602	13411	199
11301	11306	22
69300	44450	22
3769	664	26
25641	4031	26
27187	27204	22
60437	7081	122
67884	26750	22
1154	29303	19
73205	72606	52
10211	9956	139
52248	32855	180
60300	60302	122
9989	664	26
6780	6782	49
1154	19055	19
60372	60373	191
61173	60245	122
1154	29185	19
75333	26583	22
16297	4412	26
19316	6005	81
22336	21522	26
889	12565	19
63354	63355	22
72966	72981	195
10623	30906	19
889	12590	19
42682	44065	22
6272	8793	22
60323	60324	191
3315	17683	47
1269	2169	19
6301	21673	22
889	12662	19
453	459	52
125	72902	22
60088	7680	190
20508	29317	26
6886	20135	47
46182	32404	160
44421	64381	22
42861	44680	22
22371	22373	22
69326	69328	22
46182	45721	160
73286	73288	52
23688	23692	22
64245	64246	22
69521	2228	118
10623	30659	19
70426	70427	22
12728	20415	104
16297	4571	26
48950	20105	47
6301	9171	22
44400	44853	22
69013	73063	52
72930	72944	104
15561	15562	49
44445	63489	22
11381	20443	22
1244	6657	22
48948	17639	165
10623	31064	19
6301	21693	22
46461	1071	160
60308	60310	122
43027	63818	22
62975	62981	22
71593	73084	195
46182	3333	160
889	12665	19
64017	64019	22
10211	27357	139
11226	11227	22
43009	44330	22
63086	63089	22
16297	4493	26
71473	6160	19
3602	13415	199
2370	73094	104
11226	11229	22
24591	24594	22
595	1015	26
3340	74290	199
24150	24153	22
3931	3983	26
24893	24894	52
20508	2885	26
889	12514	19
50	69102	26
6886	20125	47
48948	54370	165
32849	4738	139
63823	63824	22
72864	10793	104
43588	43006	22
16297	4171	26
16297	22643	26
8303	8305	22
42734	44322	22
60818	60821	122
25232	25231	190
43021	43364	22
63097	63103	22
10211	32692	139
63302	63319	22
12728	377	195
43058	63998	22
39439	26327	19
43155	36437	22
16297	670	26
35916	4902	49
56143	73410	52
1319	28067	104
64326	44391	22
8252	1475	26
59369	59370	190
1647	17659	47
48	56215	52
43300	44256	22
35175	25970	19
8093	4902	49
730	48943	47
5403	5404	49
75363	16125	49
20508	23468	26
44044	44042	22
17475	73253	52
12796	71986	52
1621	1622	49
71611	72745	195
1154	29176	19
9419	1317	19
2066	2067	22
43027	43024	22
7889	7895	19
12728	364	195
46182	2925	160
2066	2086	22
49651	49652	47
46381	9891	160
64582	59260	191
20895	20896	49
18775	18776	22
23074	23075	22
6886	20020	47
889	12614	19
43646	44605	22
59814	59815	22
18868	18872	22
43238	43237	22
3639	7008	19
42730	44483	22
54532	48387	165
3401	14293	22
1154	29299	19
48951	49381	47
10211	10356	139
43459	59452	22
64389	64390	22
49630	771	180
10623	72008	52
5929	5931	101
63855	63857	22
1154	29133	19
48754	16209	47
1047	42336	199
27728	27732	49
69521	69522	118
6826	13047	22
392	12358	19
64639	60207	191
72821	72825	195
10623	29815	19
16297	22663	26
9376	9377	22
6826	13176	22
10623	30715	19
64377	64378	22
2258	2261	49
71596	8608	195
46182	46299	160
124	72902	22
64707	64709	191
46182	46284	160
126	73053	104
10623	30783	19
13804	13807	49
470	14662	19
17494	17495	19
63782	63783	49
67544	72076	52
14047	4689	26
1319	28084	104
479	13370	26
63421	63422	22
10211	3938	139
46150	5219	160
3085	35250	199
20812	20813	22
43044	44095	22
1321	56015	52
46182	46320	160
46150	32451	160
6886	19966	47
11953	11955	22
10623	30792	19
11726	11727	49
61050	61051	122
3931	2227	26
16297	4407	26
6301	19049	22
60611	60612	122
61668	61669	22
48948	54333	165
105	72807	104
42873	44115	22
9691	35504	199
6886	20080	47
889	12541	19
69158	69160	22
26536	26537	22
64085	64088	22
16297	4563	26
1319	27965	52
176	664	26
59802	59312	122
2370	73097	104
46182	46313	160
27614	74258	19
8971	8983	19
889	12621	19
479	13337	26
42711	42941	22
44219	44414	22
69163	69164	49
6886	8932	47
28732	8607	22
16297	3988	26
64091	64092	22
3639	7001	19
15427	6613	22
16297	173	26
16297	22637	26
68844	9859	49
19814	19815	22
67490	67492	19
25655	25656	22
10211	4728	139
63629	63631	22
71499	71504	22
64350	64352	22
8606	8607	22
69562	43229	49
6826	13081	22
1319	28073	104
28798	28799	26
19948	3920	165
894	896	22
72159	72160	52
595	28957	19
479	13396	26
10623	30228	19
10211	10264	139
48948	49242	165
10892	10894	22
15837	15838	49
61393	18991	122
4028	74751	26
470	14675	104
8344	8348	22
63086	63088	22
55885	3842	26
15020	15022	49
124	72891	22
1319	28046	104
25491	25497	22
1319	28091	104
479	13354	26
47560	50410	22
59456	59459	122
851	1278	19
6363	6366	22
1269	266	19
10211	7230	139
3544	3547	22
63106	63107	22
3639	3638	19
61347	61348	122
16297	22642	26
3931	4027	26
16297	4121	26
48948	17712	165
11301	11302	22
16297	23463	26
63690	63691	49
6409	805	22
25459	19149	22
10489	266	19
16297	4136	26
71593	23517	195
1647	17665	47
16297	22638	26
1154	29243	19
18070	18071	52
64166	64167	22
67545	3262	81
479	13333	26
8513	8520	22
10623	30279	19
1154	29134	19
10211	10038	139
1321	56016	52
11381	20482	22
60554	60556	122
4028	340	22
60644	60645	22
64292	6734	49
48948	54367	165
889	12079	19
16639	16644	49
3708	17456	19
20550	42371	153
63230	63237	22
69361	69367	22
74660	44389	49
453	456	52
1047	35349	199
46182	32485	160
28453	28478	26
889	2857	19
64233	64234	22
126	73052	104
16297	4658	26
72646	72647	52
25067	25068	22
9600	9601	19
3931	3957	26
6886	20063	47
43626	43625	22
73565	73405	127
16297	19092	26
1154	29120	19
10211	1274	139
126	72896	195
16297	4535	26
59385	43165	49
19566	19575	22
20550	35652	153
16904	16907	49
1244	3682	22
59212	59213	122
3677	3681	22
63955	21366	49
71593	23521	104
1423	17123	19
42700	44838	22
22336	3842	26
43221	64327	22
59803	59804	122
15589	2572	26
63546	42978	22
59442	59444	122
71391	71392	19
25499	1475	26
19809	19810	22
72340	3658	26
15314	15316	118
68870	68871	49
72783	72784	195
13804	13805	49
12748	56019	19
10623	31297	19
61229	61230	122
60805	60806	22
851	1296	19
3931	3956	26
889	12520	19
46182	46185	160
71434	72576	52
16639	16641	22
63825	63826	22
14071	340	22
19337	19338	22
12728	73039	104
62758	1317	19
63710	63713	22
43730	43729	22
479	13401	26
10211	2399	139
889	12645	19
4844	4875	22
9518	9521	19
69379	69381	22
44214	44294	22
6826	13162	22
22291	22292	101
59557	7081	122
5534	5543	22
15020	15022	22
10211	32752	139
73565	73505	127
60728	59987	191
61396	61397	122
44267	44720	22
20550	35458	153
46182	46209	160
1319	28049	104
8971	9049	19
43087	44524	22
8914	17085	22
44577	63717	22
1319	27966	52
22336	1481	26
72753	72765	195
49630	32916	180
42708	43366	22
16297	4213	26
1154	13447	19
10997	11003	101
48984	14637	165
16114	1317	19
8971	9005	19
12728	20485	104
49632	32859	180
15937	20975	19
1438	1317	19
60452	60207	122
198	199	22
3931	4001	26
69562	43495	22
75118	75119	22
6826	13105	22
13476	203	153
3763	3767	26
1047	35732	199
64303	64304	22
10211	1480	139
1047	35711	199
6380	2239	22
6886	20030	47
72912	72755	195
72531	27626	52
48948	54314	165
67983	67992	22
1647	6895	47
10968	61211	122
59997	59998	122
6886	20026	47
4028	36139	26
44107	63338	49
69210	44031	49
8971	8994	19
1319	28093	104
4844	4883	22
60531	60532	122
43273	43272	22
28639	28642	49
67545	67553	81
479	13331	26
60496	7243	122
64005	63604	49
46383	46192	160
9547	6613	22
23033	4026	26
69361	69362	22
28597	28598	22
18606	3842	26
54901	3313	165
10596	664	26
73565	73584	127
1154	29290	19
5374	74317	199
48948	54341	165
46182	46252	160
48353	48355	47
60889	60890	191
1515	1542	22
69169	69179	22
10211	32683	139
13441	18830	19
21503	13948	49
1244	22799	22
479	13353	26
43494	44493	22
288	71893	101
74622	74624	22
63592	43813	22
63390	63391	22
12413	12414	22
24380	24381	19
10818	12725	52
63302	63323	22
9864	9865	22
5534	5536	49
59939	59709	191
73565	73398	127
26009	3682	22
24069	24072	22
63302	63316	22
72734	72736	195
64261	64262	22
73077	72840	195
1435	338	22
1319	28023	104
8664	562	47
73565	22385	127
6492	6493	49
63393	25640	22
61062	61063	122
10433	6667	22
8971	9067	19
69093	73645	52
3221	3222	22
11816	11818	22
10818	12720	52
450	379	139
27125	13048	104
16297	4574	26
6886	20009	47
72864	72879	195
10211	77	139
60777	59213	191
8664	17109	47
12728	73000	104
63356	63359	22
16297	4172	26
43076	44571	22
6826	13181	22
16297	23448	26
16297	4018	26
24627	24629	49
20970	20971	22
10211	7566	139
42861	43359	22
72930	72940	104
42700	44940	22
63926	63927	22
42851	42850	22
13947	13948	22
42812	18168	22
479	13369	26
74698	44762	22
4028	73139	26
60090	60091	122
3340	74277	199
63673	63192	22
64036	64037	22
29703	340	22
8913	24131	22
6826	13118	22
10211	277	139
22984	18923	49
63654	11417	22
48984	49029	165
6005	19316	81
11191	4137	26
10211	32694	139
27558	10848	122
73114	26836	195
21909	21910	22
16297	4008	26
74316	74195	199
5935	5936	26
42720	42719	22
10623	29833	19
46399	46270	160
6886	20059	47
10211	15782	139
6826	13102	22
74506	74518	22
5355	5357	49
73565	22491	127
13740	664	26
60777	60778	191
75413	75419	22
64077	64078	22
1319	28018	104
63068	63069	22
11191	4294	26
63302	63322	22
20550	42351	153
35176	35177	19
63117	63118	22
10211	32792	139
48948	54289	165
19615	19616	22
3931	4008	26
17448	11160	52
18059	18068	49
15094	15095	19
9574	9575	19
48948	8607	165
10623	31260	19
6826	13114	22
74473	74475	22
42911	43209	22
42990	64165	49
15241	15243	22
288	71892	101
26739	26748	22
29401	24893	19
10433	596	19
7889	7898	19
8344	8350	22
11381	20450	22
74502	23221	22
73565	73479	127
44817	44829	22
6301	21690	22
6301	21707	22
21641	28736	22
28214	28215	22
851	1272	19
64565	60277	191
24476	24478	22
10211	4716	139
73565	73596	127
57852	72147	22
67545	67562	81
12728	72993	195
6826	13098	22
60512	59382	122
71340	71341	19
3708	56077	52
43019	44251	22
2543	7503	19
14367	14368	19
6654	6659	22
63212	63214	22
11381	20437	22
3602	13372	199
18626	664	26
48948	280	165
10623	30270	19
889	12584	19
24407	21461	19
24157	24159	22
6763	6764	22
63230	63242	22
16418	16419	22
26739	26746	22
2825	56221	52
19302	19310	22
889	12595	19
17246	17247	22
73173	664	26
63587	8137	22
17202	56199	52
21365	21367	22
1327	2169	19
8703	2536	26
13476	35392	153
16297	4676	26
13669	28038	19
69461	9188	118
21641	28737	22
10717	10718	19
50	6128	26
72953	72954	52
1323	1322	22
10623	30381	19
6301	21700	22
69379	69384	22
20508	2460	26
22336	2921	26
1154	29210	19
10211	4756	139
44514	44513	22
889	12598	19
11477	11480	49
10623	29953	19
5594	5599	26
67757	8218	19
71372	72087	19
63699	37939	101
11283	69508	118
54813	3920	165
44119	44118	22
28162	1149	26
72028	20388	19
72473	72739	195
46385	10915	160
6535	10545	19
73646	73647	127
20542	20543	22
15610	15612	22
10211	9618	139
6886	8731	47
68971	44696	49
63710	63712	22
20105	3921	165
43711	64219	49
775	799	19
1154	7525	19
23283	23284	22
16297	22647	26
889	12605	19
59888	59889	122
6684	6685	22
69435	69436	118
63625	63626	22
2799	2800	22
2195	2194	19
25268	25270	22
10211	4020	139
4844	4860	22
13450	62765	19
48951	48359	47
74147	379	26
28453	28476	26
71539	73676	52
12728	20439	195
1036	8778	19
1154	29296	19
10997	11004	101
59557	59558	122
22255	22256	22
124	72890	22
64679	64680	191
20508	10017	26
64331	64333	22
19494	19495	22
63478	63479	22
64133	64135	22
16297	4460	26
73077	73087	104
49630	1078	180
3907	3908	81
889	12659	19
10636	10637	49
889	12306	19
60671	60676	22
19116	19117	49
73189	73190	52
10211	32771	139
3121	3122	49
48948	54332	165
8851	8864	22
3602	13375	199
43134	64330	49
126	72908	195
889	12556	19
46182	46270	160
13504	13505	22
73194	72412	52
20508	3516	26
63352	63353	22
64722	64724	191
47560	72145	22
3340	74281	199
6826	13109	22
6301	21677	22
61092	60670	122
22407	22408	19
6886	20090	47
28453	78	26
15517	14941	122
10211	10188	139
63494	63495	22
64417	42943	22
42708	43637	22
479	13397	26
63119	63120	49
63964	21490	49
1154	13443	19
8971	9070	19
20508	8161	26
24495	24502	22
49344	49345	47
889	12629	19
12225	59647	122
3558	8704	19
20550	35242	153
72930	72932	195
7458	7462	22
24902	22888	22
8818	8822	49
60554	60557	122
1647	17648	47
43058	62988	22
479	13360	26
889	12643	19
63482	63483	22
42711	43564	22
61216	61217	122
15040	15346	81
52248	32756	180
6301	14293	22
1244	15768	22
595	7840	19
71342	72447	52
10623	29974	19
63302	63311	22
63734	63735	49
63405	63406	22
8971	9055	19
6886	20098	47
479	13416	26
42781	64343	22
15341	3721	26
15333	35583	153
1154	29276	19
68931	2692	22
27161	25712	49
21365	21368	22
889	9145	19
48948	54348	165
74972	6091	26
10211	4780	139
64030	64031	22
889	12669	19
10211	5597	139
43936	13314	22
16297	3767	26
43023	63514	22
71415	24242	19
9181	9182	22
16297	4618	26
105	72921	22
6886	19939	47
6492	6493	22
3085	40893	199
24519	24525	22
4028	74746	26
15140	15142	22
71539	71994	52
46399	46244	160
23074	23077	22
10211	32745	139
8137	2111	22
69345	69346	22
22336	22337	26
13669	3680	19
2825	56208	52
11895	11899	49
69348	43181	49
61668	61670	22
595	8642	19
11189	73330	52
20550	42356	153
75413	75415	49
75095	75096	22
16297	4541	26
479	13342	26
11381	20427	22
10972	72120	52
72864	72877	104
15204	6712	180
941	17848	101
4844	4853	49
16297	4440	26
26142	26147	22
23316	23317	22
8971	9010	19
7966	7967	22
49630	11695	180
25491	25494	49
46447	46244	160
59653	59654	191
12728	73034	104
3340	74199	199
9847	27805	47
63517	63518	22
59927	59928	122
27541	6819	22
50	526	26
44017	64189	22
59927	15563	122
12728	55520	195
1154	29136	19
43009	43627	22
69169	69186	22
16297	4248	26
10211	32682	139
7680	12233	190
26672	15768	22
74972	918	26
12728	72036	104
63407	63408	22
63226	63227	22
10211	32726	139
7779	7780	22
23133	23136	22
59152	59154	122
12199	12209	22
392	12347	19
63708	63709	49
16361	16368	22
28597	28598	49
20508	26483	26
10623	30503	19
6301	21718	22
16297	3975	26
10211	32803	139
1154	29153	19
3221	3223	22
16297	4672	26
46182	46245	160
6276	6626	22
60212	59892	49
48380	17664	47
7063	7064	104
39462	40918	19
16297	559	26
17831	317	26
40352	15945	26
775	800	19
46381	5217	160
59821	59823	122
16870	16871	22
22074	12736	22
48948	54331	165
25380	340	22
6886	19987	47
10211	450	139
60418	60419	122
16297	4112	26
59297	59298	22
64510	64511	191
16297	4212	26
10623	29857	19
23491	23492	22
12229	17473	52
43066	64186	22
16297	4063	26
48387	48846	47
16297	4508	26
21147	341	22
12728	20446	104
14615	14616	22
74196	74199	199
21797	21229	81
786	2239	22
10623	30376	19
63990	63991	22
63608	63610	22
42919	42988	22
60337	60343	122
71596	72736	195
10899	10901	22
7667	7673	19
10623	30368	19
59284	59285	190
46182	46247	160
1154	29182	19
22238	22240	22
11707	11708	22
12728	72037	104
775	803	19
595	17403	19
11381	20464	22
6826	13108	22
59164	59165	122
72155	13239	52
63230	63243	22
10211	4788	139
63887	63888	22
889	12087	19
59482	59483	191
71593	73102	195
21259	21260	49
16161	16166	22
54385	54334	165
74972	315	26
69309	69315	22
69488	69491	22
3602	13380	199
6102	6107	49
6277	53089	22
25268	25271	22
12434	12435	22
8971	9018	19
57852	58138	22
20550	42336	153
20542	20543	49
44079	44078	22
13476	35252	153
1154	29212	19
43588	44678	22
64213	64214	22
72644	72645	19
64638	59674	191
1047	35602	199
1244	22807	22
22336	7228	26
18759	18761	22
11047	7229	26
22707	22712	22
43622	43739	22
687	792	19
42700	20752	22
46409	15046	160
20105	6870	165
25246	25247	49
23199	387	26
12229	17475	52
69091	6998	52
59231	59232	122
26118	26120	22
12233	5660	190
851	1271	19
47560	47559	22
3931	4012	26
56143	7132	52
64653	60843	191
16124	16125	22
2558	30353	19
15888	3172	26
60822	60823	22
64242	64244	22
10211	32702	139
1435	9410	19
10623	29967	19
50604	36152	26
74506	44946	49
44577	63714	49
63616	15004	22
63086	63087	22
5355	5361	22
6276	3900	22
29499	29502	22
126	73050	195
889	12672	19
12750	18164	52
72670	72671	52
61159	60352	122
17071	17072	22
7971	7972	49
6826	13140	22
14952	6667	22
16297	4436	26
1319	13226	104
46463	45491	160
72966	57447	195
63346	63347	22
42708	64137	22
10623	30561	19
48948	54330	165
15180	15182	22
73385	62937	127
16297	3328	26
72912	72914	195
1154	29272	19
60881	59215	122
9697	927	139
16297	3875	26
26048	26049	22
5743	5744	22
69477	69478	118
1319	28085	104
42700	44752	22
6654	5580	22
48984	48890	165
72844	72849	195
2602	2603	49
43622	43621	22
63110	63111	22
10211	32685	139
42829	42828	22
479	13413	26
1047	35459	199
9153	9154	22
27645	10870	22
69348	42742	49
63734	63736	22
28453	28459	26
42680	42679	22
12728	20414	195
10211	4705	139
13581	59595	190
37220	4968	101
22515	22520	22
69348	44659	22
28453	28468	26
52248	5639	180
26267	26268	22
11301	11309	22
13476	40893	153
46182	46250	160
23916	23594	19
6826	13053	22
4844	4858	49
18059	18063	22
889	12631	19
42711	42722	22
59671	59676	122
69361	69366	22
6886	20142	47
12199	12200	22
6277	6252	22
30435	3989	26
16297	4048	26
1423	35249	199
48948	54366	165
16297	2881	26
6826	13123	22
126	73049	52
24476	24479	22
14790	4094	26
43023	44086	22
48380	48988	47
48948	9495	165
595	28953	19
43630	44160	22
42730	44909	22
16297	23445	26
6886	20072	47
73090	26836	104
42996	43471	22
1154	29181	19
1244	8793	22
5272	24340	52
8771	8772	22
73565	73592	127
27125	338	22
21905	21904	19
6886	20046	47
3602	13359	199
1319	28070	104
10211	32765	139
1154	29116	19
43459	59455	22
44923	44921	22
46182	32447	160
72864	72868	104
1435	3682	22
190	32533	139
6156	6159	22
60634	60635	190
6886	19934	47
6886	20122	47
6276	6627	22
479	13377	26
63131	63132	22
16935	16936	22
48387	49036	47
12241	3954	26
63048	63049	49
20508	10580	26
63795	63797	22
63379	63380	22
20508	10433	26
46182	45833	160
3033	1475	26
60814	60815	190
6226	2692	22
60671	21063	22
25018	25019	19
21803	60774	122
28549	28569	22
1647	17677	47
889	12524	19
7182	8495	52
554	555	49
3931	3973	26
29376	29377	22
59564	20568	190
69130	42695	22
13476	35250	153
14862	14863	22
9894	340	22
42711	42744	22
11189	73239	52
48948	3312	165
64022	64023	22
1274	6656	22
48400	10935	47
1154	29218	19
9078	73232	22
11477	11478	49
60671	42759	22
594	596	19
26136	16208	22
32927	581	139
44506	44505	22
10211	4781	139
1300	1662	19
32222	2922	26
5231	5009	19
10718	25181	22
16297	4256	26
46399	46403	160
67470	67469	19
16895	16896	22
44048	44047	22
12728	20471	195
7183	74576	52
68490	7415	19
42740	60017	22
63756	44691	22
61198	59291	122
595	784	19
46377	32404	160
63302	63312	22
69379	2278	22
2237	5840	22
68967	68968	22
889	12586	19
15020	15030	22
6301	21681	22
851	850	19
10623	30883	19
59923	11056	191
10433	50949	22
3931	3944	26
69230	1662	19
14047	1	26
43023	44967	22
16297	22629	26
8664	17107	47
46336	46339	160
5528	56177	52
64558	59153	191
10211	1024	139
1423	35354	199
12728	73011	195
3715	3716	22
10211	10439	139
10623	30823	19
1706	2970	26
14047	4435	26
59896	59897	122
3602	13391	199
8534	8535	22
6826	13133	22
6886	20134	47
43303	43831	22
6239	3682	22
62687	10971	22
9075	21237	104
6886	20168	47
8851	8867	22
39918	25284	26
12268	72685	52
43318	43317	22
69157	43781	22
20550	42376	153
48948	48369	165
47560	57798	22
49630	1077	180
46182	46257	160
4028	74752	26
48984	11293	165
18891	133	19
43041	22517	22
1319	28076	104
2793	2795	22
73077	73085	104
46182	46298	160
44567	17208	22
28549	28554	22
1647	17673	47
46381	46249	160
59927	59929	122
2522	2523	19
889	12518	19
6244	35851	19
43294	64376	22
603	6900	47
63302	63307	22
59954	59956	191
28798	6716	26
18224	18223	19
6214	10970	22
2229	14802	190
1647	17653	47
64612	60866	191
10623	30513	19
10211	3934	139
3602	13402	199
9691	3577	19
59810	59811	122
479	13473	19
20508	21642	26
6116	340	22
1319	13120	104
44684	44683	22
6214	10971	22
6886	20127	47
3085	35392	199
44006	28617	22
48948	54306	165
40470	1148	26
10211	32708	139
43019	45021	22
48948	54363	165
43462	43461	22
12185	12186	22
13439	18582	19
851	1308	19
11381	20394	22
3639	8750	26
23133	23141	22
16297	4269	26
73565	73515	127
69157	43428	22
60671	60680	22
49615	14603	180
10623	31106	19
3931	3980	26
10211	4779	139
16297	4654	26
22515	22519	22
10623	29862	19
48948	48849	165
69288	69289	22
409	6556	19
17090	341	22
46182	45726	160
124	72905	22
3106	3717	139
46182	46213	160
43007	44867	22
2370	18717	195
6886	19965	47
60506	60508	191
48948	54295	165
22756	22757	22
63558	63559	22
20508	11075	26
43424	60472	22
63541	63544	22
11381	6495	22
15333	35510	153
7688	338	22
5954	851	19
63039	63040	49
64035	63684	22
22548	22551	22
59773	59774	22
59645	59646	122
3708	31196	19
889	12513	19
20388	71345	19
1767	22876	49
60671	60674	22
60870	60871	122
6886	19920	47
28574	28575	22
48948	48515	165
8236	8237	19
26370	596	19
8971	8999	19
6247	340	22
43855	63399	22
8971	8986	19
48948	54305	165
74194	74195	199
24834	664	26
16297	4362	26
69503	18955	118
63114	25158	22
73077	73079	195
6268	340	22
48948	54380	165
46182	15044	160
16297	396	26
10211	32737	139
28774	28775	19
3931	3978	26
10211	4740	139
15333	35294	153
12944	12945	22
17807	17808	22
6780	6782	22
27281	15945	26
22948	22949	49
48416	17104	47
42682	44063	22
6363	6368	22
10850	61104	122
342	343	22
11428	11429	22
48950	48360	47
63575	63576	49
74565	176	26
28549	28567	22
43294	63778	22
18559	927	26
1319	12910	104
46182	46235	160
42883	63440	22
63587	23648	22
12199	12202	22
889	12516	19
6826	10255	22
6826	13045	22
60777	59460	191
63587	1286	22
11025	11026	49
46160	5218	160
18244	18246	49
20706	4664	101
73565	73566	127
69379	69382	22
6826	13172	22
889	12618	19
42700	43794	22
1154	29199	19
2825	56222	52
72750	20446	195
5190	5191	22
6389	49550	47
28453	28470	26
64220	2556	49
16297	4506	26
15903	15911	22
10211	3994	139
61245	61246	122
6826	13175	22
20550	42378	153
10211	6888	139
3931	3955	26
5844	5845	49
9078	368	104
10985	10987	22
2066	2085	22
42711	43306	22
10211	3954	139
48984	48387	165
21054	68917	19
125	72895	22
22915	22916	22
479	13385	26
60808	60670	122
4844	4852	49
63710	63711	49
42730	44941	22
16297	20707	26
11301	11315	22
6301	21689	22
16297	3999	26
851	1320	19
40687	3106	26
43421	44199	22
59512	3222	122
6005	69147	81
6826	3030	22
40111	32865	26
20550	35358	153
6886	19975	47
14308	14309	49
48948	54335	165
74506	74524	22
3708	23562	19
42711	44212	22
10211	573	139
48353	48364	47
10623	31117	19
17343	17349	22
72850	72851	52
48948	48403	165
25010	3905	26
1274	1286	22
69300	44450	49
16297	4505	26
12408	12409	19
62975	62976	49
64379	64380	22
10211	14859	139
69112	1165	19
771	3717	139
288	17977	101
6886	20169	47
44900	44899	22
28453	4167	26
14414	72751	52
73077	72870	195
10211	4761	139
16297	23435	26
675	676	19
14772	14775	22
72930	72933	195
10623	30190	19
73565	73551	127
479	13364	26
16297	4255	26
105	72804	104
16297	4611	26
63632	63634	49
69510	69509	118
1154	29159	19
74324	74227	199
59927	59932	122
8971	9013	19
9452	9453	22
16297	4268	26
3931	3970	26
126	59347	22
48951	49380	47
24145	24146	49
11381	20414	22
11301	11304	22
63573	63574	22
31196	4171	26
73156	73157	52
10211	5093	139
479	13373	26
12252	7354	19
1154	29253	19
44931	44930	22
6886	19986	47
5748	26707	26
63690	44696	22
63554	63555	22
10623	30961	19
13721	760	26
12728	73028	104
60168	60171	22
27084	3717	139
26227	10965	19
10211	6252	139
71467	73132	195
23352	19990	47
889	12523	19
12728	20457	195
6826	13106	22
50	7188	26
47527	72174	52
1647	17687	47
20550	20662	153
61105	61107	122
8818	8838	49
288	33716	101
43002	2136	22
23943	23944	22
48950	49679	47
71352	17305	19
22241	918	26
49630	6712	180
48925	54751	165
3109	3110	22
21761	21762	22
43093	44604	22
6886	19887	47
59447	13669	190
6826	13058	22
479	13457	19
25643	21105	22
40678	3171	26
339	8783	22
1647	17650	47
27541	6819	49
20105	54752	165
63086	63092	22
63945	63947	22
750	2109	22
29650	29651	52
9790	9791	22
64028	64029	22
69318	69322	22
63086	63090	22
59290	59291	122
9803	9804	22
48948	730	165
20550	35711	153
29342	29343	22
16297	4350	26
60128	60129	81
62956	7856	22
26785	1317	19
69262	69263	22
62970	62973	22
10623	30466	19
23074	22710	22
69153	69154	22
43197	11727	22
43783	44068	22
22336	7219	26
48948	17693	165
