1 10
6 0 0.00040192926045016077 2 0.00048805695911805234 9 0.00011483693155718879 10 1.0 14 0.00048805695911805234 17 0.0010909508497932935
1 23
6 0 0.00045982296815725947 2 0.0004885619036670882 9 0.00011495574203931487 10 0.9350787446832969 14 0.0004885619036670882 17 0.0010920795493734913
1 5
6 0 8.621680652948614e-05 2 0.00043108403264743075 5 1.0 9 0.0005173008391769169 14 0.0004885619036670882 17 0.0001724336130589723
1 28
6 0 8.612769866789159e-05 2 0.000430638493339458 5 0.934112310519063 9 0.000430638493339458 14 0.00048805695911805234 17 0.00017225539733578318
1 2
7 0 0.0007067137809187279 1 0.000740366818105334 2 1.0 5 0.0005047955577990914 6 0.0008076728924785462 9 0.0008076728924785462 10 0.0005721016321723035
1 20
7 0 0.000740366818105334 1 0.0007740198552919401 2 0.9322227831061753 5 0.0005721016321723035 6 0.0007740198552919401 9 0.0007740198552919401 10 0.0005047955577990914
1 15
4 3 0.0002081165452653486 9 0.002081165452653486 15 1.0 16 0.0014568158168574402
1 31
4 3 0.00020764119601328904 9 0.0018687707641196014 15 0.9321013289036545 16 0.0014534883720930232
1 18
6 0 0.0006414368184733803 2 0.007055805003207184 5 0.005131494547787043 9 0.9329698524695318 10 0.0009621552277100705 15 0.0025657472738935213
1 9
6 0 0.0006418485237483953 2 0.007702182284980745 5 0.005776636713735558 9 1.0 10 0.0012836970474967907 15 0.003209242618741977
2 2 14
2 0 0.0004415011037527594 2 0.3183222958057395
2 20 14
2 0 0.0004428697962798937 2 0.31310894596988487
2 2 32
2 0 0.00044483985765124553 2 0.320729537366548
1 6
2 2 0.003251151449471688 6 1.0
1 19
2 2 0.0031072683058632803 6 0.9304242096730614
2 6 28
3 5 0.027079017460787214 7 0.0002959455460195324 9 0.0001479727730097662
2 6 5
3 5 0.026928142836235913 7 0.0002926972047416947 9 0.00014634860237084735
2 19 28
3 5 0.026983190799174286 7 0.0002948982601002654 9 0.0001474491300501327
2 19 5
3 5 0.026577102803738317 7 0.0002920560747663551 9 0.00014602803738317756
1 1
2 1 1.0 2 0.0029721696838692245
1 24
2 1 0.9329450013546464 2 0.003115686805743701
2 28 23
11 0 8.732626043548813e-06 1 0.0001452791423608575 2 7.144875853812664e-06 5 1.9053002276833773e-05 6 0.0001492485178351979 9 9.526501138416887e-06 10 1.4289751707625328e-05 13 0.00020243814919135883 14 0.00010558538761745383 15 0.00021117077523490765 17 1.4289751707625328e-05
2 28 10
11 0 1.0249811561156683e-05 1 0.00014901649115835487 2 5.519129302161291e-06 5 1.734583494964977e-05 6 0.00014665115002885715 9 1.0249811561156683e-05 10 1.5768940863317976e-05 13 0.0002002655489641383 14 9.697898630940555e-05 15 0.00020972691348212905 17 1.182670564748848e-05
2 5 23
11 0 7.962125760183957e-06 1 0.00014491068883534802 2 7.962125760183957e-06 5 1.672046409638631e-05 6 0.0001465031139873848 9 7.962125760183957e-06 10 1.5128038944349518e-05 13 0.0002022379943086725 14 0.0001090811229145202 15 0.00021258875779691164 17 1.3535613792312727e-05
2 5 10
11 0 9.526501138416887e-06 1 0.00015004239293006595 2 6.351000758944591e-06 5 1.5877501897361478e-05 6 0.0001452791423608575 9 8.732626043548813e-06 10 1.7465252087097625e-05 13 0.00019926264881188653 14 0.00010399763742771768 15 0.00021117077523490765 17 1.1114251328153034e-05
2 24 28
5 1 0.038934122871946704 2 0.00014803849000740192 5 0.027831236121391562 10 0.00014803849000740192 13 0.00044411547002220575
2 24 5
5 1 0.03806584362139918 2 0.00014697236919459142 5 0.02704291593180482 10 0.00014697236919459142 13 0.0004409171075837742
2 1 28
5 1 0.03898980948161276 2 0.0001476886722788362 5 0.027913159060700046 10 0.0001476886722788362 13 0.0005907546891153448
2 1 5
5 1 0.03819597473189364 2 0.00014690759512266783 5 0.026737182312325546 10 0.00014690759512266783 13 0.0005876303804906713
2 24 10
4 1 0.03949285922471583 2 0.0001457301078402798 3 0.0001457301078402798 13 0.0004371903235208394
2 24 23
4 1 0.03904428904428905 2 0.0001456876456876457 3 0.0001456876456876457 13 0.00043706293706293706
2 1 10
3 1 0.03794739111686071 2 0.00014374011786689664 13 0.00043122035360068997
2 1 23
3 1 0.03734022691368663 2 0.0001436162573603332 13 0.00043084877208099956
2 2 5
5 0 0.00011818468326504885 1 3.939489442168295e-05 2 0.041128269776237 5 0.0003939489442168295 9 0.0013394264103372203
2 20 5
5 0 0.00011820796721699042 1 3.940265573899681e-05 2 0.040663540722644706 5 0.00039402655738996807 9 0.001418495606603885
1 32
4 5 0.014938488576449912 10 0.014938488576449912 14 0.9314586994727593 17 0.0008787346221441124
1 14
4 5 0.014938488576449912 10 0.014938488576449912 14 1.0 17 0.0008787346221441124
2 2 20
14 0 0.0004206931538375877 1 0.0003588265135673542 2 0.011878394931884828 3 3.711998416214009e-05 4 2.4746656108093392e-05 5 0.013029114440911172 6 0.0003835731696754476 9 0.0004454398099456811 10 0.013041487768965219 13 0.0003340798574592608 14 0.0086118363256165 15 0.0003340798574592608 16 3.711998416214009e-05 17 0.0010269862284858758
2 2 2
14 0 0.0004445517013628685 1 0.00036834283827209103 2 0.012193418094524393 3 5.080590872718497e-05 4 2.5402954363592485e-05 5 0.013107924451613722 6 0.00043185022418107226 9 0.00043185022418107226 10 0.01338735694961324 13 0.0003175369295449061 14 0.008979944367529944 15 0.00030483545236310985 16 3.810443154538873e-05 17 0.0010796255604526806
2 20 2
14 0 0.00042151721401916664 1 0.0003967220837827451 2 0.011901662513482352 3 4.9590260472843135e-05 4 2.4795130236421567e-05 5 0.012943057983412058 6 0.00042151721401916664 9 0.000458709909373799 10 0.01295545554853027 13 0.0002975415628370588 14 0.008938644450229976 15 0.00028514399771884804 16 4.9590260472843135e-05 17 0.0010042027745750734
2 20 20
14 0 0.00040644726981747977 1 0.00040644726981747977 2 0.0121680151401608 3 3.810443154538873e-05 4 2.5402954363592485e-05 5 0.013463565812704017 6 0.0003937457926356835 9 0.00048265613290825724 10 0.01322223774624989 13 0.0003175369295449061 14 0.008967242890348148 15 0.0003175369295449061 16 5.080590872718497e-05 17 0.0009907152201801069
2 10 2
5 0 0.0012974758197688134 2 0.04144059133443422 6 3.9317449083903436e-05 9 0.00011795234725171031 10 0.00027522214358732404
2 10 20
5 0 0.0012583562721195439 2 0.041447109712937476 6 3.9323633503735746e-05 9 0.00011797090051120724 10 0.0002752654345261502
2 32 20
2 2 0.31169977924944814 9 0.0004415011037527594
2 32 2
2 2 0.30823737821080605 9 0.0004428697962798937
2 23 2
5 0 0.0011426770164309073 2 0.04149099649316364 6 3.940265573899681e-05 9 0.00011820796721699042 10 0.00031522124591197445
2 23 20
5 0 0.0011030570438071226 2 0.041758588086983926 6 3.939489442168295e-05 9 0.00011818468326504885 10 0.00035455404979514656
2 14 20
2 2 0.3145017793594306 9 0.00044483985765124553
2 14 2
2 2 0.3102987070887205 9 0.00044583147570218456
2 2 23
5 0 0.0014717174302533913 1 2.1329238119614367e-05 2 0.0222677245968774 9 0.00010664619059807184 10 4.2658476239228734e-05
2 20 23
5 0 0.0013104774788104247 1 2.1136733529200396e-05 2 0.02240493754095242 9 8.454693411680158e-05 10 4.227346705840079e-05
1 0
6 0 1.0 2 0.006735086593970494 5 0.0009621552277100705 9 0.0006414368184733803 10 0.004490057729313663 13 0.0022450288646568314
1 27
6 0 0.9335686777920411 2 0.007381258023106547 5 0.0012836970474967907 9 0.0006418485237483953 10 0.004813863928112966 13 0.002888318356867779
2 0 35
2 0 0.20833333333333334 2 0.041666666666666664
2 0 17
1 0 0.2777777777777778
2 27 35
2 0 0.21739130434782608 2 0.043478260869565216
2 27 17
1 0 0.3333333333333333
2 0 1
2 0 0.2804878048780488 2 0.024390243902439025
2 0 5
7 0 0.22150209683568434 2 0.026305756767060616 5 0.003812428516965307 8 0.0003812428516965307 9 0.0007624857033930614 10 0.006099885627144491 13 0.003431185665268776
2 0 28
7 0 0.2164009111617312 2 0.025436598329536826 5 0.004555808656036446 8 0.00037965072133637056 9 0.0007593014426727411 10 0.0056947608200455585 13 0.003416856492027335
2 27 1
2 0 0.3058823529411765 2 0.023529411764705882
2 27 5
7 0 0.22043628013777267 2 0.02564102564102564 5 0.003827018752391887 8 0.0003827018752391887 9 0.0007654037504783774 10 0.006505931879066207 13 0.003444316877152698
2 27 28
7 0 0.21591774562071592 2 0.024752475247524754 5 0.00456968773800457 8 0.0003808073115003808 9 0.0007616146230007616 10 0.006092916984006093 13 0.003427265803503427
2 0 19
2 0 0.46 10 0.02
2 27 19
2 0 0.45098039215686275 10 0.0196078431372549
2 0 10
4 0 0.28846153846153844 2 0.0015182186234817814 5 0.0010121457489878543 13 0.0025303643724696357
2 0 23
4 0 0.296579887697805 2 0.0015313935681470138 5 0.0010209290454313426 13 0.002552322613578356
2 27 10
4 0 0.281868969019807 2 0.0015236160487557136 5 0.001015744032503809 13 0.0025393600812595226
2 27 23
4 0 0.2881269191402252 2 0.0015353121801432957 5 0.0010235414534288639 13 0.00255885363357216
1 7
2 7 1.0 16 0.00034234851078397807
1 29
2 7 0.9260647359454856 16 0.00034071550255536625
2 31 31
5 5 0.0008077544426494346 6 0.00026925148088314486 9 0.00026925148088314486 15 0.035541195476575124 16 0.00026925148088314486
2 31 15
5 5 0.0010732492621411322 6 0.00026831231553528306 9 0.00026831231553528306 15 0.03702709954386906 16 0.00026831231553528306
2 15 31
5 5 0.0005389382915656157 6 0.00026946914578280785 9 0.00026946914578280785 15 0.03556992724333064 16 0.00026946914578280785
2 15 15
5 5 0.0008086253369272237 6 0.00026954177897574127 9 0.00026954177897574127 15 0.03692722371967655 16 0.00026954177897574127
2 31 13
10 0 2.226477267667097e-05 3 4.452954535334194e-05 5 0.001669857950750323 7 0.00320612726544062 9 2.226477267667097e-05 10 0.0017366522687803356 11 0.00320612726544062 13 0.003028009084027252 15 0.003050273856703923 16 4.452954535334194e-05
2 31 33
11 0 2.2742261945373087e-05 3 2.2742261945373087e-05 5 0.0018876077414659662 6 4.5484523890746174e-05 7 0.0035023083395874554 9 2.2742261945373087e-05 10 0.0016829273839576084 11 0.0032748857201337243 13 0.0030019785767892476 15 0.0032294011962429783 16 4.5484523890746174e-05
2 15 13
11 0 2.2742261945373087e-05 1 4.5484523890746174e-05 3 4.5484523890746174e-05 5 0.0016147005981214891 7 0.0032976279820790978 9 2.2742261945373087e-05 10 0.0019558345273020853 11 0.0035477928634782014 13 0.0032294011962429783 15 0.0030019785767892476 16 2.2742261945373087e-05
2 15 33
12 0 2.2899539719251644e-05 1 4.579907943850329e-05 3 2.2899539719251644e-05 5 0.0018319631775401315 6 4.579907943850329e-05 7 0.0035494286564840046 9 2.2899539719251644e-05 10 0.0019006617966978864 11 0.0035723281962032564 13 0.0031601364812567268 15 0.003137236941537475 16 2.2899539719251644e-05
1 25
2 3 0.00034234851078397807 11 0.9305032523108524
1 11
2 3 0.00034071550255536625 11 1.0
2 28 2
5 0 6.317917614354308e-05 2 0.022196950551764804 5 4.211945076236206e-05 6 2.105972538118103e-05 9 0.0012214640721084997
2 28 20
5 0 8.501774745478119e-05 2 0.022125868775106805 5 4.2508873727390595e-05 6 2.1254436863695298e-05 9 0.0013815383961401943
2 5 2
5 0 6.34102005876012e-05 2 0.022256980406248017 5 4.227346705840079e-05 6 2.1136733529200396e-05 9 0.0012682040117520238
2 5 20
5 0 8.531695247845747e-05 2 0.022011773739442027 5 4.2658476239228734e-05 6 2.1329238119614367e-05 9 0.0014290589540141626
2 20 10
5 0 0.0012635835228708618 1 2.105972538118103e-05 2 0.022196950551764804 9 8.423890152472412e-05 10 4.211945076236206e-05
2 2 10
5 0 0.0014240472698675848 1 2.1254436863695298e-05 2 0.022210886522561583 9 0.00010627218431847649 10 4.2508873727390595e-05
2 20 28
5 0 0.00011795234725171031 1 3.9317449083903436e-05 2 0.04092946449634348 5 0.00035385704175513094 9 0.0015726979633561376
2 2 28
5 0 0.00011797090051120724 1 3.9323633503735746e-05 2 0.041093197011403855 5 0.00031458906802988597 9 0.0014942980731419582
2 24 2
5 1 0.0030959752321981426 2 0.09597523219814241 9 0.006191950464396285 13 0.006191950464396285 15 0.0030959752321981426
2 24 20
5 1 0.0031446540880503146 2 0.09748427672955975 9 0.006289308176100629 13 0.006289308176100629 15 0.0031446540880503146
2 1 2
5 1 0.003067484662576687 2 0.08895705521472393 9 0.006134969325153374 13 0.003067484662576687 15 0.003067484662576687
2 1 20
5 1 0.003076923076923077 2 0.08923076923076922 9 0.006153846153846154 13 0.003076923076923077 15 0.003076923076923077
2 20 19
5 0 0.006134969325153374 2 0.09815950920245399 6 0.003067484662576687 13 0.006134969325153374 15 0.003067484662576687
2 20 6
5 0 0.006191950464396285 2 0.10526315789473684 6 0.0030959752321981426 13 0.006191950464396285 15 0.006191950464396285
2 2 19
5 0 0.006153846153846154 2 0.09846153846153846 6 0.003076923076923077 13 0.006153846153846154 15 0.003076923076923077
2 2 6
5 0 0.006289308176100629 2 0.1069182389937107 6 0.0031446540880503146 13 0.006289308176100629 15 0.006289308176100629
2 20 24
3 2 0.09198813056379822 5 0.002967359050445104 10 0.002967359050445104
2 20 1
3 2 0.08682634730538923 5 0.0029940119760479044 10 0.0029940119760479044
2 2 24
3 2 0.10793650793650794 5 0.0031746031746031746 10 0.0031746031746031746
2 2 1
3 2 0.10289389067524116 5 0.003215434083601286 10 0.003215434083601286
1 35
4 5 0.029253271747498075 10 0.004618937644341801 14 0.0007698229407236335 17 0.6374133949191686
1 17
4 5 0.004618937644341801 10 0.029253271747498075 14 0.0007698229407236335 17 1.0
1 26
1 12 0.9379968203497615
1 12
1 12 1.0
2 5 18
5 2 0.0015313935681470138 5 0.0005104645227156713 9 0.29402756508422667 10 0.0005104645227156713 15 0.002552322613578356
2 5 9
5 2 0.0015353121801432957 5 0.0005117707267144319 9 0.2850562947799386 10 0.0005117707267144319 15 0.00255885363357216
2 28 18
5 2 0.0015182186234817814 5 0.0005060728744939271 9 0.28694331983805665 10 0.0005060728744939271 15 0.0025303643724696357
2 28 9
5 2 0.0015236160487557136 5 0.0005078720162519045 9 0.2798374809547994 10 0.0005078720162519045 15 0.0025393600812595226
2 23 9
7 0 0.0007654037504783774 2 0.022962112514351322 5 0.006505931879066207 9 0.2131649445082281 10 0.004209720627631076 12 0.0003827018752391887 15 0.003827018752391887
2 10 9
7 0 0.0007616146230007616 2 0.022086824067022087 5 0.006092916984006093 9 0.20982482863670981 10 0.0049504950495049506 12 0.0003808073115003808 15 0.003808073115003808
2 9 0
13 0 3.577459145416559e-05 1 9.301393778083054e-05 2 0.0004400274748862368 5 0.0020606164677599383 6 7.154918290833118e-05 7 0.0003792106694141553 9 3.219713230874904e-05 10 0.0019854898257061905 11 0.000389943046850405 13 0.00020749263043416045 14 0.0001502532841074955 15 0.0002182250078704101 17 2.1464754872499354e-05
2 9 27
13 0 3.21646831778707e-05 1 8.934634216075194e-05 2 0.00045745327186304995 5 0.0019906365033415534 6 7.505092741503163e-05 7 0.00036095922232943784 9 3.21646831778707e-05 10 0.0019691933812229726 11 0.000368106929702298 13 0.00021085736749937458 14 0.00015724956220292341 15 0.00021443122118580465 17 2.5016975805010544e-05
2 18 0
13 0 3.576486745540121e-05 1 8.225919514742278e-05 2 0.00042917840946481454 5 0.0020779387991588104 6 7.510622165634254e-05 7 0.00039699002875495345 9 3.576486745540121e-05 10 0.002038597444957869 11 0.0004077194889915738 13 0.00021101271798686715 14 0.00014663595656714496 15 0.00021458920473240727 17 1.7882433727700605e-05
2 18 27
13 0 3.219713230874904e-05 1 8.228156034458087e-05 2 0.0004471823931770699 5 0.002014109498869523 6 8.228156034458087e-05 7 0.0003792106694141553 9 3.577459145416559e-05 10 0.002028419335451189 11 0.0003863655877049884 13 0.00021464754872499355 14 0.00014667582496207893 15 0.000211070089579577 17 1.7887295727082796e-05
2 2 0
8 2 0.009750501864066534 5 0.0008603383997705764 6 0.0005735589331803843 9 0.0008603383997705764 10 0.01720676799541153 11 0.0005735589331803843 14 0.00028677946659019213 17 0.00028677946659019213
2 2 27
8 2 0.010635240011497557 5 0.0008623167576889911 6 0.0005748778384593274 9 0.0008623167576889911 10 0.016671457315320496 11 0.0002874389192296637 14 0.0002874389192296637 17 0.0002874389192296637
2 20 0
8 2 0.011235955056179775 5 0.0009630818619582664 6 0.0006420545746388443 9 0.0012841091492776886 10 0.021508828250401284 11 0.0006420545746388443 14 0.00032102728731942215 17 0.00032102728731942215
2 20 27
8 2 0.012214721954355513 5 0.0009643201542912247 6 0.0006428801028608164 9 0.0012857602057216328 10 0.020893603342976536 11 0.0003214400514304082 14 0.0003214400514304082 17 0.0003214400514304082
2 9 20
7 0 0.0008623167576889911 1 0.0005748778384593274 2 0.009772923253808566 5 0.01724633515377982 7 0.0002874389192296637 10 0.0008623167576889911 14 0.0002874389192296637
2 9 2
7 0 0.0012857602057216328 1 0.0006428801028608164 2 0.011571841851494697 5 0.021536483445837352 7 0.0003214400514304082 10 0.0009643201542912247 14 0.0003214400514304082
2 18 20
7 0 0.0008603383997705764 1 0.0005735589331803843 2 0.009176942930886148 5 0.017780326928591914 7 0.0005735589331803843 10 0.0008603383997705764 14 0.00028677946659019213
2 18 2
7 0 0.0012841091492776886 1 0.0006420545746388443 2 0.010914927768860353 5 0.022150882825040127 7 0.0006420545746388443 10 0.0009630818619582664 14 0.00032102728731942215
2 17 9
2 2 0.043478260869565216 9 0.30434782608695654
2 17 18
2 2 0.041666666666666664 9 0.25
2 10 18
7 0 0.0007593014426727411 2 0.022779043280182234 5 0.0056947608200455585 9 0.21070615034168566 10 0.004935459377372817 12 0.00037965072133637056 15 0.004176157934700076
2 23 18
7 0 0.0007624857033930614 2 0.0236370568051849 5 0.006099885627144491 9 0.2146397255051468 10 0.0041936713686618375 12 0.0003812428516965307 15 0.0041936713686618375
2 32 28
4 5 0.1386861313868613 10 0.0031282586027111575 14 0.005213764337851929 17 0.0010427528675703858
2 32 5
4 5 0.14558979808714134 10 0.003188097768331562 14 0.003188097768331562 17 0.0010626992561105207
2 14 28
4 5 0.13674321503131523 10 0.003131524008350731 14 0.005219206680584551 17 0.0010438413361169101
2 14 5
4 5 0.14558979808714134 10 0.003188097768331562 14 0.003188097768331562 17 0.0010626992561105207
2 35 9
1 9 0.3888888888888889
2 35 18
1 9 0.2777777777777778
2 35 2
2 2 0.04098765432098765 9 0.0004938271604938272
2 35 20
2 2 0.039634146341463415 9 0.0005081300813008131
1 13
4 0 0.0014534883720930232 3 0.0012458471760797341 13 1.0 16 0.00020764119601328904
2 20 32
2 0 0.00044583147570218456 2 0.31475702184574234
2 0 2
6 0 0.06518196632265073 2 0.018468223791417708 5 0.0021727322107550242 9 0.0016295491580662683 10 0.017381857686040194 13 0.0032590983161325366
2 0 20
6 0 0.06475984889368591 2 0.018888289260658393 5 0.0016189962223421479 9 0.0021586616297895305 10 0.017808958445763627 13 0.0032379924446842958
2 27 2
6 0 0.06630727762803235 2 0.01940700808625337 5 0.0026954177897574125 9 0.0016172506738544475 10 0.020485175202156335 13 0.0026954177897574125
2 27 20
6 0 0.06677350427350427 2 0.0202991452991453 5 0.002136752136752137 9 0.002136752136752137 10 0.021367521367521368 13 0.003205128205128205
2 0 14
2 0 0.3904761904761905 2 0.009523809523809525
2 27 14
2 0 0.3925233644859813 2 0.009345794392523364
2 0 33
2 0 0.2542372881355932 13 0.01694915254237288
2 0 13
2 0 0.24279835390946503 13 0.01646090534979424
2 27 31
5 0 0.30303030303030304 9 0.020202020202020204 10 0.010101010101010102 13 0.005050505050505051 15 0.005050505050505051
2 27 15
5 0 0.30198019801980197 9 0.01485148514851485 10 0.009900990099009901 13 0.0049504950495049506 15 0.0049504950495049506
2 27 33
2 0 0.24583333333333332 13 0.016666666666666666
2 27 13
2 0 0.23481781376518218 13 0.016194331983805668
2 0 15
5 0 0.30612244897959184 9 0.015306122448979591 10 0.01020408163265306 13 0.00510204081632653 15 0.00510204081632653
2 0 31
5 0 0.30569948186528495 9 0.02072538860103627 10 0.010362694300518135 13 0.0051813471502590676 15 0.0051813471502590676
2 0 32
2 0 0.37272727272727274 2 0.00909090909090909
2 27 32
2 0 0.37272727272727274 2 0.00909090909090909
2 20 9
6 0 0.0016172506738544475 2 0.018328840970350403 5 0.018328840970350403 9 0.06900269541778976 10 0.0026954177897574125 15 0.0026954177897574125
2 20 18
6 0 0.0016295491580662683 2 0.017381857686040194 5 0.015209125475285171 9 0.06789788158609451 10 0.0021727322107550242 15 0.0032590983161325366
2 2 9
6 0 0.002136752136752137 2 0.019764957264957264 5 0.019230769230769232 9 0.06837606837606838 10 0.002136752136752137 15 0.003205128205128205
2 2 18
6 0 0.0021586616297895305 2 0.01834862385321101 5 0.015650296815974095 9 0.06637884511602807 10 0.0016189962223421479 15 0.0032379924446842958
2 23 24
3 0 0.00014634860237084735 10 0.027513537245719304 11 0.0002926972047416947
2 23 1
3 0 0.00014602803738317756 10 0.027599299065420562 11 0.0002920560747663551
2 10 24
3 0 0.0001479727730097662 10 0.027522935779816515 11 0.0002959455460195324
2 10 1
3 0 0.0001474491300501327 10 0.02786788557947508 11 0.0002948982601002654
2 23 6
4 2 0.00014697236919459142 6 0.039241622574955906 10 0.026895943562610228 15 0.0004409171075837742
2 23 19
4 2 0.00014690759512266783 6 0.03937123549287498 10 0.026884089907448214 15 0.0005876303804906713
2 10 6
4 2 0.00014803849000740192 6 0.03997039230199852 10 0.027535159141376758 15 0.00044411547002220575
2 10 19
4 2 0.0001476886722788362 6 0.040023630187564614 10 0.027913159060700046 15 0.0005907546891153448
2 23 31
6 5 0.0011815675462780622 6 0.0011815675462780622 9 0.0019692792437967705 10 0.10043324143363529 13 0.0011815675462780622 15 0.03269003544702639
2 23 15
6 5 0.0007855459544383347 6 0.001178318931657502 9 0.0019638648860958365 10 0.1044776119402985 13 0.0007855459544383347 15 0.031421838177533384
2 10 31
6 5 0.001193792280143255 6 0.001193792280143255 9 0.0019896538002387586 10 0.10107441305212893 13 0.0015917230401910067 15 0.03422204536410665
2 10 15
6 5 0.0007908264136022143 6 0.0011862396204033216 9 0.0019770660340055358 10 0.1051799130090945 13 0.0011862396204033216 15 0.0328192961644919
2 13 18
5 0 0.02072538860103627 5 0.015544041450777202 9 0.3005181347150259 13 0.0051813471502590676 15 0.0051813471502590676
2 13 9
5 0 0.020202020202020204 5 0.015151515151515152 9 0.29797979797979796 13 0.005050505050505051 15 0.005050505050505051
2 9 18
4 2 0.007712082262210797 5 0.005141388174807198 9 0.02313624678663239 15 0.007712082262210797
2 9 9
4 2 0.007594936708860759 5 0.005063291139240506 9 0.02278481012658228 15 0.007594936708860759
2 33 9
5 0 0.01485148514851485 5 0.01485148514851485 9 0.297029702970297 13 0.0049504950495049506 15 0.0049504950495049506
2 33 18
5 0 0.015306122448979591 5 0.015306122448979591 9 0.3010204081632653 13 0.00510204081632653 15 0.00510204081632653
2 18 18
4 2 0.0076726342710997444 5 0.005115089514066497 9 0.023017902813299233 15 0.0076726342710997444
2 18 9
4 2 0.007594936708860759 5 0.005063291139240506 9 0.02278481012658228 15 0.007594936708860759
1 33
4 0 0.0016649323621227888 3 0.0012486992715920915 13 0.9342351716961499 16 0.0002081165452653486
2 10 33
5 0 0.0007558578987150416 5 0.0003779289493575208 10 0.10052910052910052 11 0.0026455026455026454 13 0.003779289493575208
2 23 33
5 0 0.0011355034065102195 5 0.0003785011355034065 10 0.10068130204390613 11 0.0026495079485238456 13 0.003785011355034065
2 29 15
2 15 0.4148936170212766 16 0.0026595744680851063
2 29 31
2 15 0.40793201133144474 16 0.0028328611898017
2 7 15
1 15 0.41778975741239893
2 7 31
1 15 0.4131054131054131
2 11 31
3 10 0.003274087932647334 11 0.03461178671655753 15 0.07296538821328344
2 11 15
3 10 0.0033143939393939395 11 0.035037878787878785 15 0.07386363636363637
2 25 31
3 10 0.002826189354686764 11 0.030617051342439944 15 0.07253886010362694
2 25 15
3 10 0.0028503562945368173 11 0.031353919239904986 15 0.07363420427553444
2 11 33
1 11 0.038322112894873125
2 11 13
1 11 0.03794871794871795
2 25 33
1 11 0.03873598369011213
2 25 13
1 11 0.03842264914054601
1 34
4 3 0.9390919158361019 11 0.0011074197120708748 13 0.007751937984496124 15 0.0011074197120708748
1 3
4 3 1.0 11 0.0010834236186348862 13 0.0065005417118093175 15 0.0010834236186348862
2 28 6
5 2 0.0001457301078402798 5 0.0001457301078402798 6 0.039347129116875545 15 0.0004371903235208394 16 0.0001457301078402798
2 5 6
5 2 0.0001456876456876457 5 0.0001456876456876457 6 0.0388986013986014 15 0.00043706293706293706 16 0.0001456876456876457
2 6 24
7 2 1.0850929924694546e-05 5 0.002897198289893444 7 1.0850929924694546e-05 10 0.0029297510796675273 11 1.0850929924694546e-05 13 1.0850929924694546e-05 15 1.0850929924694546e-05
2 19 24
7 2 1.0965272980470848e-05 5 0.0029386931587661873 7 1.0965272980470848e-05 10 0.0028838667938638333 11 1.0965272980470848e-05 13 1.0965272980470848e-05 15 1.0965272980470848e-05
2 15 9
2 9 0.25 15 0.016666666666666666
2 15 18
2 9 0.2584745762711864 15 0.01694915254237288
2 31 9
2 9 0.2388663967611336 15 0.016194331983805668
2 31 18
2 9 0.24691358024691357 15 0.01646090534979424
2 28 15
5 5 0.0011229646266142617 6 0.0016844469399213925 9 0.005614823133071308 10 0.0005614823133071309 15 0.04660303200449186
2 5 15
5 5 0.0016675931072818232 6 0.0016675931072818232 9 0.005558643690939411 10 0.0005558643690939411 15 0.04446914952751529
2 18 33
7 0 0.0013921113689095127 2 0.0027842227378190253 5 0.005104408352668214 6 0.0004640371229698376 10 0.002320185614849188 13 0.0018561484918793504 15 0.0004640371229698376
2 9 33
7 0 0.0014170996693434106 2 0.0023618327822390174 5 0.004723665564478035 6 0.0004723665564478035 10 0.0023618327822390174 13 0.001889466225791214 15 0.0004723665564478035
2 27 6
2 0 0.425531914893617 10 0.02127659574468085
2 0 6
2 0 0.44680851063829785 10 0.02127659574468085
2 27 24
2 0 0.27380952380952384 2 0.023809523809523808
2 0 24
2 0 0.25609756097560976 2 0.024390243902439025
2 32 35
2 5 0.0425531914893617 14 0.0425531914893617
2 14 17
3 5 0.010638297872340425 10 0.010638297872340425 14 0.010638297872340425
2 35 17
4 5 0.0019482326746451434 10 0.0016699137211244085 14 0.001113275814082939 17 0.077650988032285
2 32 17
3 5 0.01 10 0.01 14 0.01
2 23 32
4 5 0.003188097768331562 10 0.14133900106269925 14 0.003188097768331562 17 0.0021253985122210413
2 23 14
4 5 0.003188097768331562 10 0.1392136025504782 14 0.003188097768331562 17 0.0021253985122210413
2 10 32
4 5 0.003131524008350731 10 0.12839248434237996 14 0.005219206680584551 17 0.0020876826722338203
2 10 14
4 5 0.0031282586027111575 10 0.12825860271115747 14 0.005213764337851929 17 0.0020855057351407717
2 35 10
3 5 0.004335260115606936 14 0.0005780346820809249 17 0.0005780346820809249
2 35 23
3 5 0.004306632213608958 14 0.0005742176284811944 17 0.0005742176284811944
2 1 9
3 5 0.0196078431372549 9 0.49019607843137253 15 0.0196078431372549
2 1 18
3 5 0.02 9 0.52 15 0.02
2 24 9
3 5 0.02127659574468085 9 0.44680851063829785 15 0.02127659574468085
2 24 18
3 5 0.02127659574468085 9 0.48936170212765956 15 0.02127659574468085
2 19 9
2 2 0.023529411764705882 9 0.29411764705882354
2 19 18
2 2 0.024390243902439025 9 0.2804878048780488
2 31 5
5 5 0.09635811836115327 7 0.002276176024279211 9 0.0011380880121396055 10 0.00037936267071320183 15 0.0030349013657056147
2 31 28
5 5 0.09640831758034027 7 0.002268431001890359 9 0.0007561436672967864 10 0.0003780718336483932 15 0.003402646502835539
2 15 5
5 5 0.10105980317940953 7 0.002271006813020439 9 0.0011355034065102195 10 0.0003785011355034065 15 0.0034065102195306586
2 15 28
5 5 0.10052910052910052 7 0.0022675736961451248 9 0.0007558578987150416 10 0.0003779289493575208 15 0.003779289493575208
2 32 32
4 5 0.002097902097902098 10 0.0034965034965034965 14 0.01888111888111888 17 0.0013986013986013986
2 32 14
4 5 0.001989389920424403 10 0.0033156498673740055 14 0.016578249336870028 17 0.000663129973474801
2 14 32
4 5 0.00199203187250996 10 0.0033200531208499337 14 0.016600265604249667 17 0.0013280212483399733
2 14 14
4 5 0.002097902097902098 10 0.0034965034965034965 14 0.017482517482517484 17 0.0006993006993006993
1 8
1 8 1.0
1 30
1 8 0.9335443037974683
2 8 23
3 0 0.006329113924050633 3 0.012658227848101266 8 0.1962025316455696
2 8 10
3 0 0.00625 3 0.00625 8 0.20625
2 30 23
3 0 0.006622516556291391 3 0.013245033112582781 8 0.1986754966887417
2 30 10
3 0 0.006578947368421052 3 0.006578947368421052 8 0.21052631578947367
2 8 5
1 8 0.052364864864864864
2 8 28
1 8 0.05509181969949917
2 30 5
1 8 0.05723905723905724
2 30 28
1 8 0.058333333333333334
2 13 25
1 13 0.41025641025641024
2 13 11
2 3 0.0028328611898017 13 0.40793201133144474
2 33 25
1 13 0.41509433962264153
2 33 11
2 3 0.0026595744680851063 13 0.4148936170212766
2 13 13
5 0 0.00026925148088314486 1 0.00026925148088314486 3 0.00026925148088314486 10 0.0010770059235325794 13 0.0366182014001077
2 13 33
5 0 0.00026946914578280785 1 0.00026946914578280785 3 0.00026946914578280785 10 0.0008084074373484236 13 0.036917272972244675
2 33 13
5 0 0.00026831231553528306 1 0.00026831231553528306 3 0.00026831231553528306 10 0.0013415615776764154 13 0.038100348806010195
2 33 33
5 0 0.00026954177897574127 1 0.00026954177897574127 3 0.00026954177897574127 10 0.001078167115902965 13 0.03827493261455526
2 13 29
3 5 0.003274087932647334 7 0.03554724041159962 13 0.06735266604303088
2 13 7
3 5 0.002826189354686764 7 0.03155911446066886 13 0.06782854451248234
2 13 5
6 0 0.0019692792437967705 1 0.0011815675462780622 5 0.10003938558487593 10 0.0011815675462780622 13 0.029539188656951557 15 0.0015754233950374162
2 13 28
6 0 0.0019896538002387586 1 0.001193792280143255 5 0.09988062077198567 10 0.001193792280143255 13 0.03103859928372463 15 0.0019896538002387586
2 33 7
3 5 0.0028503562945368173 7 0.032304038004750596 13 0.0688836104513064
2 33 29
3 5 0.0033143939393939395 7 0.03598484848484849 13 0.06818181818181818
2 33 5
6 0 0.0019638648860958365 1 0.001178318931657502 5 0.10487038491751767 10 0.0007855459544383347 13 0.02788688138256088 15 0.001178318931657502
2 33 28
6 0 0.0019770660340055358 1 0.0011862396204033216 5 0.1051799130090945 10 0.0007908264136022143 13 0.02926057730328193 15 0.0015816528272044287
2 29 11
4 3 3.0772355346850602e-06 13 0.00022771542956669447 15 0.00022771542956669447 16 3.0772355346850602e-06
2 29 25
4 3 3.07243259850987e-06 13 0.00019970811890314156 15 0.00023350487748675014 16 3.07243259850987e-06
2 7 11
4 3 3.07243259850987e-06 13 0.00023350487748675014 15 0.00020278055150165143 16 3.07243259850987e-06
2 7 25
4 3 3.0645047607081458e-06 13 0.00020532181896744576 15 0.00020838632372815392 16 3.0645047607081458e-06
2 15 7
1 7 0.034658511722731905
2 15 29
1 7 0.03417918177110305
2 31 7
1 7 0.03387259858442872
2 31 29
1 7 0.03333333333333333
2 13 23
5 0 0.005084745762711864 1 0.0022598870056497176 5 0.0005649717514124294 10 0.0005649717514124294 13 0.0423728813559322
2 13 10
4 0 0.005125284738041002 1 0.002277904328018223 5 0.0005694760820045558 13 0.04441913439635535
2 33 23
5 0 0.006114508060033352 1 0.0022234574763757642 5 0.0005558643690939411 10 0.0016675931072818232 13 0.04613674263479711
2 33 10
5 0 0.006176305446378439 1 0.0022459292532285235 5 0.0005614823133071309 10 0.0011229646266142617 13 0.04828747894441325
2 13 15
8 0 0.0005561735261401557 3 0.0005561735261401557 5 0.0011123470522803114 9 0.0005561735261401557 10 0.0013904338153503894 13 0.019048943270300333 15 0.01918798665183537 16 0.0006952169076751947
2 13 31
8 0 0.0005379236148466917 3 0.0006724045185583647 5 0.0012103281334050564 9 0.0005379236148466917 10 0.0012103281334050564 13 0.01828940290478752 15 0.019096288327057558 16 0.0006724045185583647
2 33 15
8 0 0.0005255551175929575 3 0.0005255551175929575 5 0.0011824990145841545 9 0.0005255551175929575 10 0.0013138877939823938 13 0.017343318880567598 15 0.018000262777558798 16 0.0005255551175929575
2 33 31
8 0 0.0005561735261401557 3 0.0006952169076751947 5 0.0013904338153503894 9 0.0005561735261401557 10 0.0012513904338153504 13 0.01835372636262514 15 0.019744160177975527 16 0.0005561735261401557
2 0 0
4 0 0.02557544757033248 2 0.010230179028132993 10 0.005115089514066497 13 0.010230179028132993
2 0 27
4 0 0.02570694087403599 2 0.010282776349614395 10 0.005141388174807198 13 0.010282776349614395
2 27 0
4 0 0.02531645569620253 2 0.010126582278481013 10 0.005063291139240506 13 0.010126582278481013
2 27 27
4 0 0.02531645569620253 2 0.010126582278481013 10 0.005063291139240506 13 0.010126582278481013
2 0 9
4 0 0.0030883261272390363 5 0.0030883261272390363 9 0.002779493514515133 10 0.0033971587399629403
2 0 18
4 0 0.002900232018561485 5 0.002900232018561485 9 0.002900232018561485 10 0.002900232018561485
2 27 9
4 0 0.002613240418118467 5 0.003484320557491289 9 0.002613240418118467 10 0.003484320557491289
2 27 18
4 0 0.002779493514515133 5 0.0033971587399629403 9 0.0030883261272390363 10 0.0030883261272390363
2 10 10
8 0 0.00047023417661995676 1 3.134894510799712e-05 9 3.134894510799712e-05 10 0.0006269789021599423 13 9.404683532399135e-05 14 9.404683532399135e-05 15 3.134894510799712e-05 17 0.00047023417661995676
2 10 23
8 0 0.0005017876183905162 1 3.136172614940726e-05 9 6.272345229881452e-05 10 0.0006899579752869597 13 9.40851784482218e-05 14 9.40851784482218e-05 15 3.136172614940726e-05 17 0.00047042589224110897
2 0 25
2 0 0.43700787401574803 11 0.003937007874015748
2 0 11
2 0 0.4418604651162791 11 0.003875968992248062
2 27 25
2 0 0.4092664092664093 11 0.003861003861003861
2 27 11
2 0 0.41603053435114506 11 0.003816793893129771
2 23 10
7 0 0.00047101676819694783 9 3.140111787979652e-05 10 0.0006908245933555235 13 9.420335363938956e-05 14 9.420335363938956e-05 15 3.140111787979652e-05 17 0.00047101676819694783
2 23 23
7 0 0.0005023074749631118 9 6.278843437038898e-05 10 0.0007534612124446677 13 9.418265155558347e-05 14 9.418265155558347e-05 15 3.139421718519449e-05 17 0.00047091325777791733
2 11 18
3 2 0.009216589861751152 5 0.004608294930875576 9 0.5023041474654378
2 11 9
3 2 0.004739336492890996 5 0.004739336492890996 9 0.4881516587677725
2 25 9
2 2 0.004694835680751174 9 0.47417840375586856
2 25 18
2 2 0.009174311926605505 9 0.48623853211009177
2 9 11
1 11 0.0015128593040847202
2 9 25
1 11 0.0015313935681470138
2 18 11
1 11 0.0014641288433382138
2 18 25
1 11 0.0014771048744460858
2 5 11
3 1 0.00022525059128280213 11 0.002252505912828021 13 0.0007883770694898074
2 5 25
3 1 0.00022550456646747095 11 0.0023677979479084454 13 0.0006765136994024129
2 28 11
3 1 0.00022959476523935255 11 0.0022959476523935255 13 0.0008035816783377339
2 28 25
3 1 0.00022991148407862974 11 0.0024140705828256124 13 0.0006897344522358892
2 29 9
2 7 0.003816793893129771 9 0.3931297709923664
2 29 18
2 7 0.003875968992248062 9 0.4186046511627907
2 7 9
2 7 0.003861003861003861 9 0.38996138996138996
2 7 18
2 7 0.003937007874015748 9 0.41732283464566927
1 16
4 7 0.0011074197120708748 13 0.0011074197120708748 15 0.007751937984496124 16 1.0
1 21
4 7 0.0010834236186348862 13 0.0010834236186348862 15 0.0065005417118093175 16 0.9187432286023836
2 5 5
7 0 6.278843437038898e-05 5 0.0006592785608890842 9 0.0005337016921483063 13 3.139421718519449e-05 14 9.418265155558347e-05 15 6.278843437038898e-05 17 3.139421718519449e-05
2 5 28
8 0 6.272345229881452e-05 5 0.0006272345229881453 6 3.136172614940726e-05 9 0.0005331493445399235 13 3.136172614940726e-05 14 9.40851784482218e-05 15 6.272345229881452e-05 17 3.136172614940726e-05
2 28 5
7 0 3.140111787979652e-05 5 0.0005966212397161339 9 0.0005024178860767443 13 3.140111787979652e-05 14 9.420335363938956e-05 15 6.280223575959304e-05 17 3.140111787979652e-05
2 28 28
8 0 3.134894510799712e-05 5 0.0005642810119439481 6 3.134894510799712e-05 9 0.0005015831217279539 13 3.134894510799712e-05 14 9.404683532399135e-05 15 6.269789021599424e-05 17 3.134894510799712e-05
2 9 10
6 0 0.0001695633743111488 2 0.003221704111911827 5 0.0014412886816447647 6 8.47816871555744e-05 9 0.0010173802458668928 15 0.0001695633743111488
2 9 23
7 0 0.00016152479405588758 2 0.002745921498950089 5 0.0013729607494750444 6 8.076239702794379e-05 9 0.0009691487643353255 10 8.076239702794379e-05 15 0.00024228719108383137
2 18 10
6 0 0.00017168855695767876 2 0.00274701691132286 5 0.00137350845566143 6 8.584427847883938e-05 9 0.0009442870632672333 15 0.00017168855695767876
2 18 23
7 0 0.00016326530612244898 2 0.002285714285714286 5 0.0013061224489795918 6 8.163265306122449e-05 9 0.0008979591836734694 10 8.163265306122449e-05 15 0.00024489795918367346
2 23 28
6 0 2.9316056404092522e-05 1 2.9316056404092522e-05 2 5.8632112808185045e-05 5 0.0007035853536982205 10 0.0005276890152736654 15 8.794816921227756e-05
2 23 5
9 0 2.7495188342040142e-05 1 2.7495188342040142e-05 2 5.4990376684080284e-05 5 0.000577398955182843 6 2.7495188342040142e-05 9 2.7495188342040142e-05 10 0.0005499037668408029 13 2.7495188342040142e-05 15 8.248556502612044e-05
2 3 23
1 3 0.23728813559322035
2 3 10
1 3 0.21875
2 34 23
1 3 0.26
2 34 10
1 3 0.23636363636363636
2 3 33
2 3 0.16666666666666666 13 0.09523809523809523
2 3 13
2 3 0.13953488372093023 13 0.11627906976744186
2 34 33
2 3 0.1794871794871795 13 0.10256410256410256
2 34 13
2 3 0.15 13 0.125
2 3 28
2 3 0.02337228714524207 8 0.001669449081803005
2 3 5
2 3 0.023411371237458192 8 0.0033444816053511705
2 34 28
2 3 0.023931623931623933 8 0.0017094017094017094
2 34 5
2 3 0.02555366269165247 8 0.0034071550255536627
2 3 31
4 3 0.06451612903225806 13 0.010752688172043012 15 0.021505376344086023 16 0.010752688172043012
2 3 15
3 3 0.07526881720430108 13 0.010752688172043012 15 0.010752688172043012
2 34 31
4 3 0.06741573033707865 13 0.011235955056179775 15 0.02247191011235955 16 0.011235955056179775
2 34 15
3 3 0.07865168539325842 13 0.011235955056179775 15 0.011235955056179775
2 17 5
4 5 0.04696132596685083 10 0.04143646408839779 14 0.0027624309392265192 17 0.019337016574585635
2 17 28
4 5 0.03910614525139665 10 0.04189944134078212 14 0.002793296089385475 17 0.01675977653631285
2 23 13
5 0 0.0011380880121396055 5 0.00037936267071320183 10 0.09522003034901366 11 0.002655538694992413 13 0.0034142640364188165
2 10 13
5 0 0.0007561436672967864 5 0.0003780718336483932 10 0.09603024574669188 11 0.0026465028355387526 13 0.003402646502835539
2 27 29
3 0 0.5118483412322274 2 0.004739336492890996 10 0.004739336492890996
2 27 7
2 0 0.49765258215962443 2 0.004694835680751174
2 0 7
2 0 0.5091743119266054 2 0.009174311926605505
2 0 29
3 0 0.5253456221198156 2 0.009216589861751152 10 0.004608294930875576
2 26 30
4 0 1.2775144678513484e-05 5 0.00038325434035540453 9 1.2775144678513484e-05 10 0.00044713006374797197
2 26 8
4 0 1.2809509780060716e-05 5 0.00039709480318188224 9 1.2809509780060716e-05 10 0.00042271382274200367
2 12 30
4 0 1.2736906460158956e-05 5 0.0004075810067250866 9 1.2736906460158956e-05 10 0.00042031791318524554
2 12 8
4 0 1.2775144678513484e-05 5 0.0004343549190694585 9 1.2775144678513484e-05 10 0.0004088046297124315
2 10 12
1 12 0.055
2 10 26
1 12 0.05342237061769616
2 23 26
1 12 0.05067567567567568
2 23 12
1 12 0.05387205387205387
2 28 26
3 9 0.00625 12 0.21875 16 0.00625
2 28 12
3 9 0.006578947368421052 12 0.21710526315789475 16 0.006578947368421052
2 5 26
3 9 0.006329113924050633 12 0.21518987341772153 16 0.012658227848101266
2 5 12
3 9 0.006622516556291391 12 0.2119205298013245 16 0.013245033112582781
2 34 29
3 3 0.02 7 0.005 13 0.005
2 3 29
3 3 0.0196078431372549 7 0.004901960784313725 13 0.004901960784313725
2 28 27
7 0 0.000847816871555744 1 8.47816871555744e-05 2 0.003391267486222976 9 0.0001695633743111488 10 0.0013565069944891904 11 8.47816871555744e-05 13 0.0001695633743111488
2 5 27
8 0 0.0008076239702794379 1 8.076239702794379e-05 2 0.0029074462930059764 5 8.076239702794379e-05 9 0.00016152479405588758 10 0.0012921983524471006 11 8.076239702794379e-05 13 0.00024228719108383137
2 28 0
7 0 0.0008584427847883938 1 8.584427847883938e-05 2 0.0028328611898017 9 0.00017168855695767876 10 0.0012876641771825909 11 8.584427847883938e-05 13 0.00017168855695767876
2 5 0
8 0 0.0008163265306122449 1 8.163265306122449e-05 2 0.0023673469387755102 5 8.163265306122449e-05 9 0.00016326530612244898 10 0.0012244897959183673 11 8.163265306122449e-05 13 0.00024489795918367346
2 23 35
4 5 0.04143646408839779 10 0.049723756906077346 14 0.0027624309392265192 17 0.0055248618784530384
2 10 35
4 5 0.04189944134078212 10 0.04189944134078212 14 0.002793296089385475 17 0.00558659217877095
2 10 5
7 2 5.8632112808185045e-05 5 0.0005570050716777579 6 2.9316056404092522e-05 9 2.9316056404092522e-05 10 0.0006449532408900354 13 2.9316056404092522e-05 15 5.8632112808185045e-05
2 10 28
4 2 5.494807407000384e-05 5 0.0006044288147700423 10 0.0005494807407000385 15 5.494807407000384e-05
2 10 17
3 5 0.003125 10 0.046875 17 0.01875
2 19 1
7 2 1.09632293288311e-05 5 0.002850439625496086 7 1.09632293288311e-05 10 0.0028942925428114105 11 1.09632293288311e-05 13 1.09632293288311e-05 15 1.09632293288311e-05
2 6 1
7 2 1.0965272980470848e-05 5 0.00284000570194195 7 1.0965272980470848e-05 10 0.0029715889777076 11 1.0965272980470848e-05 13 1.0965272980470848e-05 15 1.0965272980470848e-05
2 33 20
3 0 0.00823045267489712 1 0.0013717421124828531 2 0.03429355281207133
2 33 2
3 0 0.007936507936507936 1 0.0013227513227513227 2 0.03571428571428571
2 13 20
3 0 0.008379888268156424 1 0.0013966480446927375 2 0.034916201117318434
2 13 2
3 0 0.008086253369272238 1 0.0013477088948787063 2 0.03638814016172507
2 14 9
2 2 0.00909090909090909 9 0.4
2 14 18
2 2 0.00909090909090909 9 0.38181818181818183
2 32 9
2 2 0.009345794392523364 9 0.411214953271028
2 32 18
2 2 0.009523809523809525 9 0.3904761904761905
2 5 31
5 5 0.0005649717514124294 6 0.001694915254237288 9 0.005084745762711864 10 0.0005649717514124294 15 0.04011299435028248
2 28 31
4 6 0.0017084282460136675 9 0.005125284738041002 10 0.0005694760820045558 15 0.04214123006833713
2 5 19
4 2 0.0001436162573603332 5 0.0001436162573603332 6 0.0371966106563263 15 0.00043084877208099956
2 28 19
4 2 0.00014374011786689664 5 0.00014374011786689664 6 0.03780365099899382 15 0.00043122035360068997
2 20 35
1 2 0.048567870485678705
2 2 35
1 2 0.05012376237623763
2 20 17
2 0 0.0004938271604938272 2 0.04197530864197531
2 28 17
3 10 0.004335260115606936 14 0.0005780346820809249 17 0.0017341040462427746
2 5 17
3 10 0.004306632213608958 14 0.0005742176284811944 17 0.0017226528854435831
2 28 14
2 10 0.0015706806282722514 14 0.002617801047120419
2 28 32
2 10 0.001571503404924044 14 0.0026191723415400735
2 5 14
2 10 0.0015544041450777201 14 0.0015544041450777201
2 5 32
2 10 0.0015552099533437014 14 0.0015552099533437014
2 19 20
3 2 0.10289389067524116 5 0.003215434083601286 10 0.003215434083601286
2 19 2
3 2 0.08682634730538923 5 0.0029940119760479044 10 0.0029940119760479044
2 6 20
3 2 0.10793650793650794 5 0.0031746031746031746 10 0.0031746031746031746
2 6 2
3 2 0.09198813056379822 5 0.002967359050445104 10 0.002967359050445104
2 6 9
2 2 0.023809523809523808 9 0.25
2 6 18
2 2 0.024390243902439025 9 0.24390243902439024
1 22
1 4 0.925
1 4
1 4 1.0
2 23 17
3 5 0.003134796238244514 10 0.0438871473354232 17 0.018808777429467086
2 20 21
2 2 0.047619047619047616 16 0.06349206349206349
2 20 16
2 2 0.045454545454545456 16 0.07575757575757576
2 2 21
2 2 0.0625 16 0.0625
2 2 16
2 2 0.05970149253731343 16 0.07462686567164178
2 15 2
2 1 0.0006839945280437756 2 0.018467852257181942
2 15 20
2 1 0.000693000693000693 2 0.016632016632016633
2 35 35
2 5 0.0008503401360544217 17 0.11607142857142858
2 17 35
3 5 0.002026342451874367 10 0.002026342451874367 17 0.09422492401215805
2 17 17
2 10 0.0008503401360544217 17 0.11862244897959184
2 17 23
3 5 0.0018050541516245488 14 0.0018050541516245488 17 0.01263537906137184
2 17 10
3 5 0.0018315018315018315 14 0.0018315018315018315 17 0.01098901098901099
2 10 25
1 11 0.006544953496383052
2 10 11
2 0 0.00034376074252320387 11 0.006875214850464077
2 23 25
1 11 0.0062356416147029865
2 23 11
2 0 0.000327653997378768 11 0.00655307994757536
2 11 29
5 0 0.0002516989680342311 2 0.0002516989680342311 5 0.005033979360684621 9 0.0002516989680342311 10 0.005033979360684621
2 11 7
4 0 0.00026624068157614486 5 0.005591054313099041 9 0.00026624068157614486 10 0.005058572949946752
2 25 7
4 0 0.00025297242600556537 5 0.0050594485201113076 9 0.00025297242600556537 10 0.0050594485201113076
2 25 29
4 0 0.00026624068157614486 5 0.005058572949946752 9 0.00026624068157614486 10 0.005591054313099041
2 29 5
2 7 0.006880733944954129 9 0.000327653997378768
2 29 28
2 7 0.007218975592987281 9 0.00034376074252320387
2 7 5
1 7 0.006563833278634723
2 7 28
1 7 0.006889424733034792
2 29 10
3 6 0.00022959476523935255 7 0.0021811502697738493 15 0.0008035816783377339
2 29 23
3 6 0.00022525059128280213 7 0.00213988061718662 15 0.0007883770694898074
2 7 10
3 6 0.00022991148407862974 7 0.0022991148407862975 15 0.0006897344522358892
2 7 23
3 6 0.00022550456646747095 7 0.0022550456646747096 15 0.0006765136994024129
2 17 20
1 2 0.0525990099009901
2 35 5
2 5 0.05329153605015674 10 0.003134796238244514
2 35 28
2 5 0.05625 10 0.003125
2 28 35
2 10 0.0018315018315018315 14 0.0018315018315018315
2 5 35
2 10 0.0018050541516245488 14 0.0018050541516245488
2 34 2
2 2 0.045454545454545456 3 0.06060606060606061
2 34 20
2 2 0.05970149253731343 3 0.05970149253731343
2 3 2
2 2 0.047619047619047616 3 0.047619047619047616
2 3 20
2 2 0.0625 3 0.046875
2 34 24
1 3 0.05405405405405406
2 34 1
1 3 0.05714285714285714
2 3 24
1 3 0.046511627906976744
2 3 1
1 3 0.046511627906976744
2 34 6
2 3 0.058823529411764705 13 0.058823529411764705
2 34 19
2 3 0.058823529411764705 13 0.058823529411764705
2 3 6
2 3 0.11764705882352941 13 0.058823529411764705
2 3 19
2 3 0.11764705882352941 13 0.058823529411764705
2 34 25
1 3 0.6666666666666666
2 34 11
1 3 0.6666666666666666
2 3 25
1 3 0.5
2 3 11
1 3 0.5
2 34 7
2 3 0.020512820512820513 7 0.005128205128205128
2 3 7
2 3 0.020100502512562814 7 0.005025125628140704
2 17 2
1 2 0.051681195516811954
2 31 20
2 1 0.0013764624913971094 2 0.017205781142463867
2 31 2
2 1 0.0013689253935660506 2 0.018480492813141684
2 31 24
5 1 0.0021321961620469083 2 0.0021321961620469083 5 0.0031982942430703624 10 0.0031982942430703624 13 0.0010660980810234541
2 31 1
5 1 0.0021482277121374865 2 0.0010741138560687433 5 0.00322234156820623 10 0.004296455424274973 13 0.0010741138560687433
2 15 24
5 1 0.0011061946902654867 2 0.0022123893805309734 5 0.00331858407079646 10 0.00331858407079646 13 0.0011061946902654867
2 15 1
5 1 0.0011086474501108647 2 0.0011086474501108647 5 0.0033259423503325942 10 0.004434589800443459 13 0.0011086474501108647
2 24 6
2 13 0.0002656042496679947 15 0.00013280212483399734
2 24 19
2 13 0.0002845354958031014 15 0.0001422677479015507
2 1 6
2 13 0.0002845354958031014 15 0.0001422677479015507
2 1 19
2 13 0.00026518164942985947 15 0.00013259082471492973
2 9 5
4 2 0.0018656716417910447 5 0.0037313432835820895 9 0.004477611940298508 10 0.0007462686567164179
2 9 28
4 2 0.0017301038062283738 5 0.0038062283737024223 9 0.004152249134948097 10 0.00034602076124567473
2 18 5
4 2 0.0014986886474334957 5 0.003746721618583739 9 0.003746721618583739 10 0.0007493443237167478
2 18 28
4 2 0.001387443635102324 5 0.003815469996531391 9 0.00346860908775581 10 0.000346860908775581
2 31 34
5 1 7.971303308090873e-05 11 7.971303308090873e-05 13 7.971303308090873e-05 15 0.0003188521323236349 16 7.971303308090873e-05
2 31 3
5 1 7.849293563579278e-05 11 7.849293563579278e-05 13 7.849293563579278e-05 15 0.0003139717425431711 16 7.849293563579278e-05
2 15 34
4 1 8.162598971512529e-05 11 8.162598971512529e-05 13 8.162598971512529e-05 15 0.00032650395886050116
2 15 3
4 1 8.034064433196755e-05 11 8.034064433196755e-05 13 8.034064433196755e-05 15 0.0003213625773278702
2 20 11
2 0 0.0007933359777865926 11 0.0003966679888932963
2 20 25
1 0 0.0008074283407347598
2 2 11
2 0 0.001006036217303823 11 0.0005030181086519115
2 2 25
1 0 0.0010330578512396695
2 33 16
3 13 0.011235955056179775 15 0.011235955056179775 16 0.07865168539325842
2 33 21
3 13 0.010752688172043012 15 0.010752688172043012 16 0.07526881720430108
2 13 16
4 3 0.011235955056179775 13 0.02247191011235955 15 0.011235955056179775 16 0.06741573033707865
2 13 21
4 3 0.010752688172043012 13 0.021505376344086023 15 0.010752688172043012 16 0.06451612903225806
2 15 10
4 5 0.0003337226764558652 10 0.0003337226764558652 13 0.0008343066911396629 15 0.0016686133822793258
2 31 10
3 5 0.00046823786483533636 13 0.0006243171531137818 15 0.0015607928827844546
2 2 17
2 0 0.0005081300813008131 2 0.041158536585365856
2 10 21
3 6 0.001669449081803005 12 0.001669449081803005 16 0.021702838063439065
2 10 16
3 6 0.0017094017094017094 12 0.0017094017094017094 16 0.022222222222222223
2 23 21
3 6 0.0016722408026755853 12 0.0033444816053511705 16 0.021739130434782608
2 23 16
3 6 0.0017035775127768314 12 0.0034071550255536627 16 0.02385008517887564
2 33 1
5 0 0.005405405405405406 1 0.005405405405405406 2 0.005405405405405406 3 0.005405405405405406 13 0.010810810810810811
2 33 24
5 0 0.00558659217877095 1 0.00558659217877095 2 0.00558659217877095 3 0.00558659217877095 13 0.0111731843575419
2 33 6
2 6 0.004405286343612335 15 0.004405286343612335
2 33 19
2 6 0.004273504273504274 15 0.004273504273504274
2 13 19
2 6 0.004310344827586207 15 0.004310344827586207
2 13 6
2 6 0.004405286343612335 15 0.004405286343612335
2 8 9
1 8 0.0625
2 8 18
1 8 0.0625
2 30 9
1 8 0.0625
2 30 18
1 8 0.0625
2 8 27
1 8 0.2
2 8 0
1 8 0.2
2 30 27
1 8 0.2
2 30 0
1 8 0.2
2 24 31
3 1 0.004405286343612335 13 0.004405286343612335 15 0.00881057268722467
2 24 15
3 1 0.004405286343612335 13 0.004405286343612335 15 0.00881057268722467
2 1 31
3 1 0.004310344827586207 13 0.004310344827586207 15 0.008620689655172414
2 1 15
3 1 0.004273504273504274 13 0.004273504273504274 15 0.008547008547008548
2 24 13
1 1 0.0007283321194464676
2 24 33
1 1 0.0007352941176470588
2 1 13
1 1 0.0007027406886858749
2 1 33
1 1 0.0007102272727272727
2 32 10
3 5 0.0015706806282722514 14 0.002617801047120419 17 0.0005235602094240838
2 32 23
3 5 0.0015544041450777201 14 0.0015544041450777201 17 0.0005181347150259067
2 20 13
2 2 0.017111567419575632 6 0.0013689253935660506
2 20 33
2 2 0.01709986320109439 6 0.0006839945280437756
2 2 13
2 2 0.016517549896765314 6 0.0013764624913971094
2 2 33
2 2 0.01593901593901594 6 0.000693000693000693
2 20 31
3 2 0.03369272237196765 6 0.0026954177897574125 9 0.008086253369272238
2 20 15
3 2 0.031746031746031744 6 0.0026455026455026454 9 0.007936507936507936
2 2 31
3 2 0.0335195530726257 6 0.002793296089385475 9 0.006983240223463687
2 2 15
3 2 0.03155006858710562 6 0.0027434842249657062 9 0.006858710562414266
2 6 34
1 10 0.002617801047120419
2 6 3
1 10 0.0025
2 31 16
2 15 0.125 16 0.15
2 31 21
2 15 0.11627906976744186 16 0.13953488372093023
2 15 16
2 15 0.10256410256410256 16 0.1794871794871795
2 15 21
2 15 0.09523809523809523 16 0.16666666666666666
2 9 13
6 0 0.001951219512195122 2 0.0024390243902439024 5 0.004390243902439025 10 0.0024390243902439024 13 0.001951219512195122 15 0.0004878048780487805
2 18 13
6 0 0.0019093078758949881 2 0.002863961813842482 5 0.0042959427207637235 10 0.002386634844868735 13 0.0019093078758949881 15 0.00047732696897374703
2 31 0
6 2 0.002863961813842482 5 0.002386634844868735 9 0.0019093078758949881 10 0.0042959427207637235 13 0.00047732696897374703 15 0.0019093078758949881
2 31 27
6 2 0.002926829268292683 5 0.0024390243902439024 9 0.001951219512195122 10 0.004390243902439025 13 0.0004878048780487805 15 0.001951219512195122
2 15 0
7 1 0.0004640371229698376 2 0.0027842227378190253 5 0.002320185614849188 9 0.0013921113689095127 10 0.005104408352668214 13 0.0004640371229698376 15 0.0018561484918793504
2 15 27
7 1 0.0004723665564478035 2 0.002834199338686821 5 0.0023618327822390174 9 0.0014170996693434106 10 0.004723665564478035 13 0.0004723665564478035 15 0.001889466225791214
2 28 33
4 5 0.0005005840146837978 10 0.0003337226764558652 13 0.0015017520440513933 15 0.0006674453529117303
2 28 13
4 5 0.00015607928827844546 10 0.00046823786483533636 13 0.001404713594506009 15 0.00046823786483533636
2 5 33
4 5 0.0005005840146837978 10 0.0003337226764558652 13 0.0013348907058234607 15 0.0005005840146837978
2 5 13
4 5 0.00015673981191222572 10 0.0004702194357366771 13 0.0014106583072100312 15 0.00031347962382445143
2 5 16
1 16 0.28
2 5 21
1 16 0.2542372881355932
2 6 33
5 2 0.0022123893805309734 5 0.00331858407079646 6 0.0011061946902654867 10 0.00331858407079646 15 0.0011061946902654867
2 6 13
5 2 0.0021321961620469083 5 0.0031982942430703624 6 0.0021321961620469083 10 0.0031982942430703624 15 0.0010660980810234541
2 17 14
3 10 0.0425531914893617 14 0.0425531914893617 17 0.0851063829787234
2 17 32
3 10 0.043478260869565216 14 0.021739130434782608 17 0.08695652173913043
2 1 11
1 1 0.005494505494505495
2 1 25
1 1 0.005494505494505495
2 24 11
1 1 0.004694835680751174
2 24 25
1 1 0.004694835680751174
2 1 7
2 1 0.005154639175257732 5 0.010309278350515464
2 1 29
2 1 0.005291005291005291 5 0.010582010582010581
2 24 7
2 1 0.005291005291005291 5 0.010582010582010581
2 24 29
2 1 0.005434782608695652 5 0.010869565217391304
2 7 6
1 6 0.004694835680751174
2 7 19
1 6 0.005494505494505495
2 29 6
1 6 0.004694835680751174
2 29 19
1 6 0.005494505494505495
2 16 31
1 15 0.0010050251256281408
2 16 15
1 15 0.0010245901639344263
2 21 31
1 15 0.0009699321047526673
2 21 15
1 15 0.0009861932938856016
2 16 13
4 3 7.971303308090873e-05 6 7.971303308090873e-05 13 0.00039856516540454366 15 7.971303308090873e-05
2 16 33
3 6 8.162598971512529e-05 13 0.0004081299485756265 15 8.162598971512529e-05
2 21 13
4 3 7.849293563579278e-05 6 7.849293563579278e-05 13 0.0003924646781789639 15 7.849293563579278e-05
2 21 33
3 6 8.034064433196755e-05 13 0.00040170322165983773 15 8.034064433196755e-05
2 23 27
4 0 0.004104477611940298 2 0.0014925373134328358 5 0.0007462686567164179 10 0.004477611940298508
2 23 0
4 0 0.003746721618583739 2 0.0011240164855751218 5 0.0007493443237167478 10 0.004496065942300487
2 10 27
4 0 0.0038062283737024223 2 0.001384083044982699 5 0.00034602076124567473 10 0.004498269896193772
2 10 0
4 0 0.00346860908775581 2 0.001040582726326743 5 0.000346860908775581 10 0.004509191814082553
2 15 23
4 5 0.0003337226764558652 10 0.0003337226764558652 13 0.0006674453529117303 15 0.0015017520440513933
2 31 23
3 5 0.0004702194357366771 13 0.0004702194357366771 15 0.001567398119122257
2 6 15
5 2 0.00558659217877095 6 0.00558659217877095 9 0.00558659217877095 15 0.0111731843575419 16 0.00558659217877095
2 19 15
5 2 0.005405405405405406 6 0.005405405405405406 9 0.005405405405405406 15 0.010810810810810811 16 0.005405405405405406
2 21 8
1 5 0.0003232062055591467
2 21 30
1 5 0.00030165912518853697
2 16 8
1 5 0.0003299241174529858
2 16 30
1 5 0.00030792917628945344
2 19 13
5 2 0.0010741138560687433 5 0.004296455424274973 6 0.0021482277121374865 10 0.00322234156820623 15 0.0010741138560687433
2 19 33
5 2 0.0011086474501108647 5 0.004434589800443459 6 0.0011086474501108647 10 0.0033259423503325942 15 0.0011086474501108647
2 13 1
3 1 0.011111111111111112 2 0.011111111111111112 3 0.005555555555555556
2 13 24
3 1 0.011428571428571429 2 0.011428571428571429 3 0.005714285714285714
2 19 31
3 2 0.011111111111111112 6 0.011111111111111112 16 0.005555555555555556
2 6 31
3 2 0.011428571428571429 6 0.011428571428571429 16 0.005714285714285714
2 9 31
1 15 0.004878048780487805
2 9 15
1 15 0.005263157894736842
2 18 31
1 15 0.004694835680751174
2 18 15
1 15 0.005076142131979695
2 33 0
1 13 0.005076142131979695
2 33 27
1 13 0.005263157894736842
2 13 0
1 13 0.004694835680751174
2 13 27
1 13 0.004878048780487805
2 28 1
1 10 0.001142857142857143
2 28 24
1 10 0.001221001221001221
2 28 16
1 16 0.23636363636363636
2 28 21
1 16 0.21875
2 16 34
9 1 5.108791719670381e-06 2 2.5543958598351904e-05 5 7.152308407538533e-05 6 5.108791719670381e-06 7 2.0435166878681524e-05 10 6.641429235571495e-05 11 2.0435166878681524e-05 13 3.065275031802228e-05 15 3.576154203769266e-05
2 16 3
9 1 1.001552406229656e-05 2 2.003104812459312e-05 5 7.51164304672242e-05 6 5.00776203114828e-06 7 2.003104812459312e-05 10 6.510090640492763e-05 11 2.003104812459312e-05 13 3.004657218688968e-05 15 3.5054334218037957e-05
2 21 34
9 1 5.00776203114828e-06 2 2.003104812459312e-05 5 6.510090640492763e-05 6 1.001552406229656e-05 7 2.003104812459312e-05 10 7.010866843607591e-05 11 2.003104812459312e-05 13 3.004657218688968e-05 15 3.5054334218037957e-05
2 21 3
9 1 9.81436135497073e-06 2 1.4721542032456093e-05 5 6.87005294847951e-05 6 9.81436135497073e-06 7 1.962872270994146e-05 10 6.87005294847951e-05 11 1.962872270994146e-05 13 2.9443084064912186e-05 15 3.435026474239755e-05
2 20 34
1 2 0.007042253521126761
2 20 3
1 2 0.00686106346483705
2 2 34
1 2 0.007042253521126761
2 2 3
1 2 0.00686106346483705
2 25 16
2 11 0.005128205128205128 16 0.020512820512820513
2 25 21
2 11 0.005025125628140704 16 0.020100502512562814
2 11 16
3 11 0.005 15 0.005 16 0.02
2 11 21
3 11 0.004901960784313725 15 0.004901960784313725 16 0.0196078431372549
2 25 34
1 11 0.001141552511415525
2 25 3
1 11 0.0011173184357541898
2 11 34
1 11 0.0011806375442739079
2 11 3
1 11 0.0011534025374855825
2 35 32
3 5 0.010638297872340425 10 0.010638297872340425 14 0.02127659574468085
2 35 14
3 5 0.01 10 0.01 14 0.02
2 4 2
1 2 0.02
2 4 20
1 2 0.019801980198019802
2 22 2
1 2 0.01904761904761905
2 22 20
1 2 0.018518518518518517
2 14 35
2 5 0.043478260869565216 14 0.021739130434782608
2 14 23
3 5 0.0015552099533437014 14 0.0015552099533437014 17 0.0005184033177812338
2 14 10
3 5 0.001571503404924044 14 0.0026191723415400735 17 0.0005238344683080147
2 20 22
1 2 0.02
2 20 4
1 2 0.01904761904761905
2 2 22
1 2 0.019801980198019802
2 2 4
1 2 0.018518518518518517
2 6 16
1 16 0.02702702702702703
2 6 21
1 16 0.023255813953488372
2 19 16
1 16 0.02857142857142857
2 19 21
1 16 0.023255813953488372
2 24 21
2 15 0.058823529411764705 16 0.11764705882352941
2 1 21
2 15 0.058823529411764705 16 0.11764705882352941
2 26 27
1 10 0.013333333333333334
2 26 0
1 10 0.013333333333333334
2 12 27
1 10 0.01020408163265306
2 12 0
1 10 0.01020408163265306
2 5 1
1 5 0.0012690355329949238
2 5 24
1 5 0.0013550135501355014
2 19 23
1 10 0.0012690355329949238
2 6 23
1 10 0.0013550135501355014
2 7 21
1 16 0.5
2 7 16
1 16 0.6666666666666666
2 29 21
1 16 0.5
2 29 16
1 16 0.6666666666666666
2 24 16
2 15 0.058823529411764705 16 0.058823529411764705
2 1 16
2 15 0.058823529411764705 16 0.058823529411764705
2 11 6
2 6 0.005434782608695652 10 0.010869565217391304
2 11 19
2 6 0.005291005291005291 10 0.010582010582010581
2 25 6
2 6 0.005291005291005291 10 0.010582010582010581
2 25 19
2 6 0.005154639175257732 10 0.010309278350515464
2 27 26
1 12 0.0625
2 27 12
1 12 0.0625
2 0 26
1 12 0.0625
2 0 12
1 12 0.0625
2 31 6
1 6 0.0007283321194464676
2 31 19
1 6 0.0007027406886858749
2 15 6
1 6 0.0007352941176470588
2 15 19
1 6 0.0007102272727272727
2 16 7
1 7 0.001141552511415525
2 16 29
1 7 0.0011806375442739079
2 21 7
1 7 0.0011173184357541898
2 21 29
1 7 0.0011534025374855825
2 16 20
1 2 0.00528169014084507
2 16 2
1 2 0.00528169014084507
2 21 20
1 2 0.005145797598627788
2 21 2
1 2 0.005145797598627788
2 13 3
1 13 0.0019398642095053346
2 13 34
1 13 0.0020100502512562816
2 34 3
1 13 1.0
2 34 34
1 13 1.0
2 33 3
1 13 0.0019723865877712033
2 33 34
1 13 0.0020491803278688526
2 3 3
1 13 1.0
2 3 34
1 13 1.0
2 29 20
1 9 0.0005030181086519115
2 29 2
1 9 0.0003966679888932963
2 7 20
1 9 0.0005165289256198347
2 7 2
1 9 0.0004037141703673799
2 9 26
1 12 0.2
2 9 12
1 12 0.2
2 18 26
1 12 0.2
2 18 12
1 12 0.2
2 19 10
1 5 0.001142857142857143
2 6 10
1 5 0.001221001221001221
2 21 24
1 5 0.0025
2 16 24
1 5 0.002617801047120419
2 9 8
1 5 0.013333333333333334
2 9 30
1 5 0.01020408163265306
2 18 8
1 5 0.013333333333333334
2 18 30
1 5 0.01020408163265306
